[pgcg-header]
dim=11
srccount-lat=3771387444
srccount-lon=3771387444
gridcount-lat=2048
gridcount-lon=2048

[pgcg-lat]
-718863195
-656425723
-535451045
-487233799
-461729131
-455556461
-448023246
-438989548
-432774615
-426622743
-419807723
-417267118
-413177053
-410937010
-406178975
-398852500
-393895251
-389317797
-385088306
-381992568
-380666537
-378725549
-377123741
-374416941
-371192891
-368835450
-366856820
-362420625
-357184903
-353032840
-349846691
-347860723
-345496351
-343051850
-340521016
-339243476
-337331103
-334731471
-333058858
-330653447
-327892361
-322483282
-318937822
-315354530
-309845435
-304453528
-302148434
-301095369
-300522526
-300020299
-299138078
-297959526
-297079796
-296406792
-295300642
-293909818
-292904037
-291581492
-290094101
-288205012
-286120781
-280625411
-276647217
-274461047
-271935681
-269373724
-267161632
-264790142
-262874069
-260844792
-259184198
-256328695
-253753636
-249657655
-246310823
-242671220
-239320851
-236583340
-235675955
-234756946
-233015744
-230166812
-228467167
-225742745
-223152165
-220512151
-217552966
-213928745
-212408967
-211056989
-209499728
-207708723
-205847459
-204176652
-202912831
-201653080
-199799578
-197739597
-195230655
-193319450
-191594814
-190097100
-188814578
-187204642
-185026098
-182698626
-180077334
-178549140
-177484147
-175660227
-173562489
-170929256
-168467808
-166065510
-164231605
-162187365
-160452330
-158695298
-157348940
-154940285
-152652280
-148935259
-144938288
-141638017
-138527523
-134159239
-129541518
-125363872
-120563434
-116790332
-114047179
-108047289
-101873628
-97127910
-94293933
-90831561
-87660407
-85649974
-83807720
-81468115
-80042323
-78248391
-77319276
-75851330
-73228939
-72586822
-71517905
-69703953
-68431909
-67814903
-65037282
-62642986
-59523129
-55445432
-52442342
-50760762
-47479036
-44082945
-41599845
-38875000
-36689526
-34126967
-32010019
-28644972
-25234577
-21446687
-19568505
-18051396
-16822141
-15751016
-14457021
-13616885
-12806607
-11714622
-10334419
-9213511
-7215671
-4190296
-965944
2643040
5685335
9690600
13220524
15225773
22375734
27572788
31117502
35417261
38217995
38905601
40218948
40781360
42893210
44700623
46621188
48332395
49320254
51303063
52740601
53907614
54914916
56226058
58646039
60402586
61937238
62877587
63896802
65149553
66913011
68572519
69760112
70635067
71431542
72842811
74788518
76341594
77588023
78860284
80329453
82180570
83644900
84715621
85694000
86910219
87970928
89134952
90080007
91284153
92595979
93917610
95357566
96705650
98222686
99619920
101019551
102424294
103529239
104336003
105294325
106177994
107030559
108138267
109040576
109893109
110731787
111826100
113008447
114244070
115699969
117221479
118570118
120088996
121096217
122206938
123499891
124709318
126024119
127662207
129143817
129745525
130345061
131298808
132908172
134629543
135956932
137446871
138487732
139472966
140622727
141514334
142921151
143804020
144466686
145206988
145909189
146492660
147367346
148468187
149605334
151326740
153239459
154761155
156218227
157971095
159853559
161845524
163022886
164725616
166743322
169026753
171174828
173227120
174134583
174992836
176554873
179526737
180602884
181836343
182737880
183601261
184112212
184700179
185307512
186271900
187725567
189693611
191186385
192631185
194226249
196126419
198037480
200269610
203173470
205773146
208003391
210452867
213172924
215923969
219318703
221919720
223720681
225030061
226015256
226938499
228179111
230092394
231264426
232454397
234261870
236620770
238242653
240704814
243025701
245157204
247368976
249189066
250612114
252202679
254215439
256679343
258415208
260547737
262422233
264508915
266041392
267325170
268879725
270452510
272012221
273363303
274368402
275322903
276120780
276726831
277196720
277756827
278431796
279055539
279699644
280287847
280856106
281546529
282287499
283230825
283894545
284566567
285231108
286022582
286773837
287898060
289543714
291087119
292170322
293069971
293909924
294952598
295792680
296602268
297300265
298001017
298804334
299519163
300108615
300800410
301644260
302231089
302812290
303318580
303733590
304120210
304517921
304968810
305512310
306333100
307215793
308193839
309148270
310123917
311124640
312030195
312768305
313419466
314109121
314849612
315525999
316249770
317055340
317662110
318304420
319012401
319727929
320435880
321039706
321766130
322457662
323140210
323767110
324374097
324948460
325495130
326079190
326576652
326972282
327324377
327658610
327964580
328277010
328570977
328926015
329313780
329743357
330189390
330739434
331294890
331802768
332275790
332743550
333181020
333643890
334085020
334484610
334836940
335192422
335525851
335845888
336179332
336525283
336879762
337260273
337554344
337796198
338008624
338224180
338434764
338646718
338838642
339012306
339190890
339361603
339529740
339681197
339829584
339975372
340128700
340271236
340405536
340526810
340655311
340776229
340900601
341037998
341175924
341337053
341496338
341657990
341833740
342017312
342210080
342435430
342656774
342915463
343222490
343601465
343905836
344188201
344475830
344754130
345032684
345353210
345678777
345989209
346321004
346583370
346776018
346951601
347151199
347377553
347614080
347860716
348112052
348341710
348582780
348843060
349113855
349365114
349587100
349810080
350012755
350210709
350428838
350665610
350896762
351109680
351296849
351479209
351669220
351884240
352121300
352353220
352571753
352793021
353015436
353232168
353442746
353648678
353859564
354060130
354250744
354432955
354631616
354823026
354999526
355187955
355432570
355703020
355967488
356217200
356462180
356683582
356923390
357143060
357370849
357632250
357901260
358166930
358429490
358691673
358938026
359166098
359420362
359678380
359968259
360262990
360554839
360830057
361112501
361402070
361695120
361998290
362303705
362616538
362932350
363232358
363534176
363846630
364182724
364528219
364873442
365186957
365492230
365762154
366024500
366283450
366551920
366817781
367042342
367240720
367419111
367601057
367796952
368001230
368206565
368415460
368613273
368823996
369053282
369294542
369558210
369824760
370070336
370301231
370524351
370744470
370963341
371188468
371416850
371665870
371931750
372194030
372456188
372719195
372981460
373247038
373514788
373779210
374020877
374285954
374555260
374805280
375054364
375301279
375551299
375792087
376074448
376380994
376657179
376972148
377243850
377454772
377652035
377865100
378123352
378433851
378772384
379094834
379371285
379629765
379861600
380092106
380310122
380544951
380811140
381072268
381345240
381615815
381878062
382119890
382378369
382618051
382919399
383270382
383607660
383950149
384296817
384656580
385012980
385355310
385677210
385986703
386330684
386620738
386917282
387212940
387486269
387762050
388032106
388316227
388600380
388855224
389079121
389295385
389504537
389727869
389975491
390237161
390515754
390795330
391088068
391382288
391668030
391966307
392257520
392512000
392751529
392957389
393158770
393376659
393595436
393815479
394068110
394330125
394600968
394871930
395146748
395420440
395692830
395976500
396249809
396522421
396800976
397082845
397345193
397591570
397821703
398083350
398351410
398608860
398863683
399095181
399303298
399516450
399721000
399934820
400161757
400416183
400669499
400924445
401169307
401414320
401659075
401912449
402176753
402455450
402703590
402934411
403158760
403387640
403624246
403869896
404072257
404273951
404488279
404713683
404948566
405187100
405416344
405630971
405843390
406040813
406216327
406373616
406537895
406701780
406839966
406984823
407124093
407250332
407380558
407511163
407647047
407786333
407935034
408099278
408268849
408428799
408596041
408770435
408942914
409127722
409329144
409536815
409741087
409947264
410144287
410368413
410590760
410803441
411021455
411234380
411463547
411703621
411966341
412215110
412465816
412706695
412944967
413175354
413411190
413662286
413916930
414160846
414413443
414664843
414933544
415184990
415446040
415673592
415898482
416115563
416317014
416499502
416679685
416851142
417008704
417168869
417338515
417491355
417657342
417830611
418003260
418198901
418401160
418606332
418810011
419004765
419179360
419341256
419506376
419708784
419906757
420101927
420303707
420495221
420667474
420828690
421003498
421173653
421342184
421513135
421699501
421886800
422071201
422265348
422453690
422630695
422813036
422996590
423174350
423351575
423531850
423721416
423923540
424140268
424337443
424536431
424725026
424925227
425127196
425320864
425521655
425712909
425897478
426089400
426272147
426453750
426637540
426819852
426990267
427177640
427374824
427584066
427774908
427962755
428150282
428345211
428533678
428715620
428896315
429095292
429301474
429502672
429696918
429881815
430057315
430226791
430389441
430538803
430691518
430832747
430961244
431084259
431211319
431339924
431476120
431631161
431784540
431920510
432069740
432220960
432371048
432520215
432676945
432818058
432940569
433064074
433182837
433307651
433432645
433567809
433714310
433873581
434022886
434184300
434341070
434491980
434627578
434780140
434929800
435081999
435235980
435378837
435518269
435647542
435781447
435912501
436042201
436164798
436298432
436427170
436556168
436685886
436823900
436956758
437089548
437238790
437392770
437560504
437714236
437868527
438026010
438184040
438332050
438477822
438625800
438785230
438935326
439089133
439250530
439409372
439568317
439743322
439931250
440106750
440282600
440436660
440575822
440727640
440885944
441046369
441204478
441369970
441547856
441720447
441891575
442057648
442235701
442410479
442594423
442773420
442945440
443115034
443282493
443449325
443604815
443761520
443913687
444052410
444185832
444328016
444480058
444639068
444792382
444936500
445082935
445237500
445392862
445539990
445691945
445859644
446033080
446196881
446348930
446493783
446645601
446809793
446968067
447129122
447276343
447423549
447567380
447707440
447848750
447989943
448119208
448245739
448367740
448482104
448602419
448731441
448867690
449002579
449138083
449273382
449409870
449551358
449692875
449840854
449996070
450155597
450311851
450449630
450583932
450729360
450893172
451068790
451240217
451398559
451549852
451711662
451863694
452012157
452169408
452322187
452470948
452617500
452761840
452904281
453047585
453194018
453333517
453472035
453603295
453737810
453865266
453981486
454099533
454216708
454326994
454429498
454534359
454639383
454740338
454835301
454934852
455027066
455119542
455206459
455290402
455377673
455466890
455560156
455660038
455762815
455866976
455965218
456065020
456169537
456272664
456371582
456467570
456565144
456662640
456758547
456857598
456953737
457053832
457152910
457256624
457358289
457454122
457545362
457639180
457727599
457818157
457913790
458006179
458102628
458197715
458288804
458381435
458476773
458576912
458680368
458784414
458890161
458994668
459107144
459219068
459334060
459448749
459562027
459681022
459802670
459927410
460054127
460187926
460315396
460436910
460552347
460663490
460775274
460888089
461006748
461114991
461229030
461339451
461445008
461549510
461652914
461751301
461848983
461946800
462055787
462165021
462277042
462392144
462509006
462630363
462761674
462893369
463024899
463150700
463277570
463405274
463530485
463663084
463806052
463954303
464107787
464256119
464404245
464552604
464689969
464827248
464962289
465097900
465234122
465370725
465504022
465632676
465764852
465912890
466060080
466202720
466334144
466472016
466614345
466750508
466887347
467032853
467172020
467306787
467443533
467572690
467699970
467819673
467936007
468054329
468165644
468273451
468382142
468503014
468629516
468761379
468895804
469040019
469185966
469330731
469459307
469587118
469718024
469846276
469975756
470110795
470247610
470390110
470523818
470648584
470779062
470913283
471036882
471165301
471290486
471412730
471538200
471667486
471787890
471908060
472016550
472121036
472224149
472329124
472432166
472537260
472634636
472735877
472832440
472936620
473048421
473163075
473273220
473381281
473487105
473595070
473703450
473818155
473918190
474022537
474124326
474233569
474347972
474457684
474571900
474683680
474790878
474893880
475001431
475106785
475210655
475316452
475430427
475543124
475652046
475763662
475874240
475985592
476102155
476218124
476334769
476447394
476556995
476657939
476759975
476862943
476963227
477065360
477172822
477280036
477389610
477500903
477609048
477718823
477835144
477945552
478045673
478147060
478254420
478369693
478485255
478593825
478698010
478800756
478908130
479013396
479116319
479217205
479321789
479425092
479531447
479636886
479743283
479842511
479932519
480020569
480109412
480202031
480299552
480398360
480492069
480588750
480682454
480773257
480864761
480957352
481048686
481140531
481232198
481328630
481424581
481515880
481608067
481700937
481790923
481878326
481968356
482056516
482147302
482241190
482336080
482434685
482530827
482631986
482732935
482828564
482926373
483026477
483127224
483232645
483341120
483445421
483542654
483640311
483741347
483836190
483931570
484024272
484116055
484211537
484303616
484392552
484482610
484572047
484664517
484761704
484863545
484965740
485066680
485161977
485253114
485341043
485438209
485539534
485631371
485720993
485812482
485903659
485998872
486092452
486187440
486277574
486368012
486464224
486557595
486653646
486748008
486837020
486922849
487009734
487100066
487193079
487287600
487381731
487475609
487568785
487657190
487746234
487841009
487933040
488019387
488100359
488183547
488267290
488361629
488448124
488532429
488618554
488708484
488793306
488880124
488967432
489057173
489150483
489246341
489340663
489431766
489526881
489620662
489718930
489816930
489912154
490004373
490095613
490190474
490286447
490381478
490477326
490574180
490677265
490779518
490885303
490989007
491088610
491189426
491294578
491399023
491495261
491596674
491699318
491803720
491901212
491994069
492086249
492171381
492257690
492346755
492440530
492534523
492631259
492736945
492838480
492936473
493032514
493134390
493236595
493342346
493449316
493546281
493648754
493754371
493860208
493966060
494065717
494164173
494267990
494371444
494472383
494579664
494681830
494779645
494879894
494982410
495080457
495177230
495280015
495385733
495486933
495593183
495704004
495815490
495927910
496040770
496156490
496278368
496393438
496507040
496618593
496732799
496851595
496967636
497085173
497202214
497321774
497434549
497545522
497655231
497770823
497879287
497988437
498097423
498206983
498314391
498419436
498521351
498627000
498729300
498832355
498936106
499037306
499143040
499252530
499360852
499470603
499578911
499682179
499784871
499885670
499984043
500077930
500170880
500265016
500361097
500451610
500542749
500632199
500726235
500817155
500905027
500995397
501085866
501186473
501285614
501389179
501491100
501597449
501704405
501813099
501921878
502031929
502147369
502264802
502376983
502492021
502605497
502715766
502821701
502924370
503024851
503130303
503240230
503349744
503462006
503567167
503672547
503776085
503889256
504002618
504108456
504210400
504309458
504403789
504499600
504594692
504691442
504785894
504885058
504989960
505100014
505206982
505317460
505426379
505542506
505658271
505768217
505874790
505980595
506087920
506193166
506290590
506389400
506489792
506591263
506684541
506778450
506875314
506978752
507078530
507176679
507271636
507361515
507454719
507555859
507655659
507749889
507846517
507949304
508042534
508129705
508217977
508306894
508391358
508474297
508554206
508633185
508710952
508788161
508870026
508957321
509042216
509125887
509208064
509291769
509377462
509458864
509544224
509630160
509716776
509802351
509890119
509978745
510069972
510166811
510261305
510353434
510446945
510537090
510629280
510725600
510822513
510916337
511008318
511097983
511185290
511273489
511361754
511453252
511549463
511643785
511741209
511841138
511935709
512024598
512115449
512209811
512307075
512408267
512507425
512601384
512697915
512799674
512896733
512996673
513094100
513195264
513290015
513387122
513489521
513582939
513672952
513764854
513865670
513967175
514071105
514170418
514262153
514355335
514444577
514531392
514615113
514700655
514781686
514859234
514936805
515013041
515096324
515179985
515260755
515343334
515433563
515527369
515625059
515715904
515797336
515881236
515969486
516074366
516184094
516294417
516407727
516510079
516607454
516707152
516818312
516927416
517051584
517173113
517293888
517400819
517506453
517613290
517716426
517824128
517942936
518047405
518149369
518245859
518336030
518430454
518535412
518646113
518752811
518849332
518946117
519054883
519157487
519258485
519355467
519450625
519548100
519647538
519755097
519857879
519958034
520061292
520159866
520262362
520357756
520454999
520554526
520653564
520750346
520835196
520920107
521014552
521118374
521227200
521330426
521423595
521517658
521615397
521719260
521832264
521930868
522023295
522111144
522193708
522282919
522371866
522467767
522564000
522655184
522747506
522846211
522941519
523032633
523129533
523237593
523350738
523450515
523543057
523640366
523735187
523822775
523910182
524005680
524098023
524193965
524304705
524407979
524511213
524616608
524731667
524852230
524959240
525062728
525160630
525264925
525380778
525504432
525632140
525766435
525911346
526045563
526184286
526327921
526468030
526604795
526735962
526883023
527038064
527191250
527349089
527526134
527706277
527887975
528071347
528284312
528478440
528654414
528837562
529009585
529179249
529349387
529515187
529677767
529841428
529993139
530152010
530314356
530477814
530627854
530772039
530913091
531042386
531177290
531315742
531444425
531569619
531696216
531828731
531956847
532086232
532218011
532356258
532499520
532648505
532798138
532945613
533104854
533260504
533408464
533571682
533730800
533884103
534043351
534205976
534374118
534536181
534706029
534875603
535065855
535245649
535418057
535580810
535745587
535914336
536092808
536299356
536513207
536735430
536937241
537137149
537344822
537545898
537745842
537943976
538148742
538349143
538535718
538726908
538924454
539115653
539313219
539522365
539732763
539965047
540203500
540445322
540680470
540886343
541096863
541323604
541570507
541800000
542032436
542275108
542536540
542788817
543014131
543221276
543437183
543656068
543903480
544168752
544436003
544732517
545019602
545307732
545623216
545953596
546263766
546568540
546880622
547182781
547510777
547824179
548139890
548474999
548778247
549064901
549331671
549594981
549873343
550143794
550439848
550729668
551029753
551319086
551596548
551873528
552174694
552494780
552835664
553181238
553497721
553806910
554094739
554384590
554684420
554945983
555193266
555464886
555743741
556001745
556251118
556490616
556735476
556981256
557203401
557425630
557648106
557887124
558129275
558368681
558592214
558830626
559066431
559300861
559513778
559743985
560008377
560300509
560626822
560959921
561261320
561543743
561830012
562121992
562432661
562752560
563078331
563420000
563783274
564161445
564558546
564938914
565325167
565773203
566220938
566572548
566961404
567392326
567844695
568277169
568682696
569125773
569577308
570007437
570496095
571034714
571547814
572114254
572748340
573395805
574031468
574593863
575187534
575829354
576395995
576894071
577371743
577943063
578559853
579222270
579864390
580342641
580835446
581371568
581949768
582562742
583130266
583655390
584059037
584591728
585170293
585684934
586239778
586814466
587401872
587991856
588548555
589208700
589917572
590572591
591213499
591831875
592323966
592778854
593206461
593601650
593984240
594393409
594913207
595525777
596079843
596588780
597136832
597641727
598146269
598581285
598983931
599328358
599668576
600068945
600501056
600990754
601488882
601889009
602245015
602628782
603082360
603564758
604029203
604502455
604965248
605494714
606010042
606502269
607004133
607448613
607945171
608435817
608915289
609385403
609796798
610172680
610591401
611018218
611427387
611856290
612349706
612794853
613332932
613883275
614452609
614918290
615404859
615965096
616572578
617217826
617929435
618625493
619355458
620146928
620954531
621608063
622318699
623106246
623956164
624722350
625494800
626242982
627066404
627818412
628665292
629550705
630352066
631136461
632015000
633031209
633916445
634695604
635604678
636480762
637376102
638258900
639184087
640329920
641325218
642353851
643672095
645016039
646005573
647812569
650158447
652842618
655802910
658308099
660524272
663066210
665317295
667401678
669394195
672026168
675215940
678547605
681316826
684236282
686911689
688798466
690504515
692268187
694314333
697067705
703116647
709103543
728252002
789408754
900000000

[pgcg-lon]
-1646312409
-1564390355
-1496885082
-1400759342
-1375870778
-1360828612
-1348717832
-1333922195
-1323886368
-1311526914
-1296497042
-1286534599
-1272996396
-1262599933
-1254229934
-1249031262
-1245107173
-1242030245
-1240098332
-1238583895
-1237239596
-1235997619
-1234862036
-1233744946
-1232635682
-1231598181
-1230794012
-1230071193
-1229358543
-1228679235
-1228107727
-1227511574
-1226899095
-1226339502
-1225819716
-1225198670
-1224738425
-1224346442
-1223971624
-1223559695
-1223140397
-1222787666
-1222395560
-1221964187
-1221468899
-1220814806
-1220190395
-1219393496
-1218388188
-1217345062
-1216221350
-1215122972
-1214007540
-1213118383
-1212194240
-1211062002
-1209933678
-1208919546
-1208014990
-1207016080
-1206261040
-1205317906
-1204366681
-1203342825
-1202227023
-1201118085
-1199822128
-1198220540
-1196849332
-1194843437
-1192966776
-1191245866
-1190188408
-1188808690
-1187007350
-1185846590
-1185238514
-1184734222
-1184361772
-1184053584
-1183777731
-1183521861
-1183259522
-1183030031
-1182769412
-1182477859
-1182143892
-1181881971
-1181592742
-1181312528
-1181033824
-1180704496
-1180260834
-1179643645
-1178932715
-1178067828
-1176967518
-1174429389
-1172280400
-1170913870
-1169262047
-1166830466
-1164401960
-1162182210
-1159679950
-1156706600
-1153401906
-1150556550
-1147308150
-1144096119
-1141476518
-1139580714
-1136747794
-1135354184
-1134250145
-1131858610
-1128532831
-1125349430
-1122451145
-1120573570
-1119327370
-1117782458
-1115792313
-1113516597
-1110792690
-1108561111
-1105556872
-1101902940
-1098576298
-1095461826
-1092780967
-1089830230
-1086704842
-1083840698
-1080798096
-1077829540
-1074724410
-1071743105
-1069064520
-1067236119
-1065443749
-1063696250
-1061594943
-1059667759
-1057264604
-1054813126
-1052613277
-1051016430
-1049929948
-1048452223
-1047028610
-1045263817
-1041428728
-1037257580
-1033853710
-1030329108
-1026628196
-1023273290
-1019927260
-1017383280
-1014493774
-1012011209
-1009602167
-1007289693
-1004892557
-1003029375
-1001161048
-999123510
-996858640
-994813287
-992828305
-991258010
-989480883
-987556570
-985943228
-984488004
-983001057
-981597570
-980325830
-979343970
-978585730
-978023560
-977503142
-976981340
-976352148
-975387342
-974301240
-973228118
-972011490
-970998102
-969912841
-968944038
-968317697
-967828348
-967183263
-966440050
-965369436
-963926240
-962431850
-961075275
-959749993
-958408782
-957064617
-955805936
-954539662
-953261500
-951853562
-950377718
-948815550
-947532160
-946268388
-944977182
-943749629
-942487463
-941449117
-940371380
-939093632
-937892353
-936786271
-935599688
-934281540
-933079067
-932095230
-931125899
-929909808
-928666640
-927263223
-925816322
-924515798
-923028749
-921373200
-919896780
-918408669
-916732915
-915064345
-913382855
-911622970
-909925877
-908186095
-906710332
-905336130
-904094990
-903049260
-902065550
-901276455
-900677160
-899942820
-899118669
-898260500
-897380557
-896545695
-895818109
-894810783
-893803839
-892693252
-891646771
-890351420
-888821565
-887017730
-885197617
-883395201
-882078426
-880872041
-879755242
-878831254
-877910800
-877325056
-876905598
-876485735
-875828000
-874624416
-873108120
-871595059
-869892320
-868376920
-867050210
-865601080
-864176067
-862824940
-861829740
-860844043
-859689740
-858613910
-857895226
-857121057
-856461781
-855812508
-854941530
-853764139
-852562340
-851399198
-850172226
-848898550
-847744666
-846720990
-845922023
-845346612
-844884302
-844449750
-843952600
-843460643
-842860124
-842251180
-841586030
-840921076
-840214471
-839426530
-838588037
-837740350
-836970090
-836322130
-835587260
-834830553
-834115460
-833435121
-832688480
-831946230
-831200780
-830495226
-829719020
-828910658
-828094595
-827324860
-826567879
-825841173
-825106102
-824407193
-823755340
-823019230
-822119468
-821196457
-820299638
-819542292
-818779130
-818012987
-817259314
-816563420
-815851180
-815202582
-814512155
-813794937
-813059116
-812358234
-811643220
-810828725
-810073970
-809303750
-808598007
-807950175
-807318096
-806745547
-806069898
-805363830
-804697191
-804148601
-803561494
-802980440
-802444628
-801957860
-801428550
-800921331
-800364519
-799782236
-799134914
-798492560
-797810274
-797075287
-796373204
-795575648
-794788816
-794120211
-793441726
-792645165
-791817103
-790931477
-790194770
-789368111
-788601509
-787752820
-786965555
-786333900
-785702616
-784944161
-784042237
-782979770
-781873520
-780768986
-779640822
-778631470
-777636136
-776463670
-775414591
-774559614
-773702003
-772846446
-771902324
-771070711
-770451019
-769947050
-769365028
-768618721
-767913999
-767289300
-766749671
-766300623
-765879420
-765461329
-765046752
-764576390
-764078162
-763342533
-762646055
-762022031
-761235450
-760418319
-759643700
-758759120
-757849656
-757115810
-756404921
-755601460
-754678630
-753489095
-752235633
-751214918
-750088367
-748907854
-747726304
-746492110
-745227215
-744001912
-742842450
-741962262
-741322230
-740695221
-739998427
-739499119
-739020031
-738499737
-737962065
-737443867
-736514529
-735552090
-734292051
-733464662
-732708267
-732029109
-731236182
-730582553
-729805570
-728977224
-728001709
-727077645
-726358005
-725736002
-725051676
-724137090
-723320103
-722540919
-721657224
-720450011
-719356338
-718389226
-717614532
-716752563
-715988020
-715312907
-714725950
-714210535
-713638130
-713168899
-712616753
-712095619
-711621638
-711198868
-710726435
-710243732
-709701847
-709204257
-708591412
-707851410
-706992183
-706134796
-705074738
-703388594
-701878930
-700276560
-698565386
-695261823
-691615004
-688634183
-685807155
-682718563
-679923457
-677047072
-674742092
-672191499
-669901728
-667946417
-665711283
-663369148
-661675642
-660795290
-659754486
-657937763
-656053574
-654169338
-652504351
-650816997
-649247194
-647686888
-645987467
-644113968
-642227626
-639903763
-637698328
-635957475
-634288111
-632382559
-630627421
-628438123
-626047500
-623173364
-620148070
-617172824
-615048663
-613335301
-610848690
-609370670
-606774585
-602791540
-598129771
-592413160
-588272404
-585081876
-582344251
-579373021
-576046615
-573309774
-570364359
-567154462
-564124973
-561482986
-558868292
-555660933
-551679035
-547817109
-544804564
-540450821
-537796566
-534481622
-531001106
-525408327
-518498158
-512282977
-511726049
-511212624
-506019170
-499483058
-495585298
-492372208
-490535085
-487019109
-482385307
-475651672
-467876548
-466264803
-463718162
-453347985
-441703692
-433938857
-428408495
-418332179
-405395712
-399753673
-382204971
-361746618
-287017501
-219530196
-179618122
-168073405
-164028234
-156744761
-147931790
-136405378
-130871225
-125325653
-121157120
-115163995
-109579820
-105761602
-100770634
-96991260
-94473227
-92694838
-91482166
-90264669
-89088635
-88058673
-87091968
-86259718
-85454318
-84683828
-83943314
-83062730
-82063330
-81082811
-79999977
-79053432
-77933013
-76766800
-75510782
-74136387
-72739225
-71018244
-69234246
-67380108
-65695618
-64174629
-62944713
-61790880
-60369938
-58884955
-57288100
-56290250
-54870921
-53262064
-51394816
-49756937
-47800877
-46608095
-45455558
-44569793
-43636566
-42833570
-42138713
-41448127
-40844580
-40301022
-39779180
-39135731
-38431964
-37816053
-37154030
-36646699
-36030963
-35465600
-34897677
-34262885
-33594440
-32897505
-32307340
-31840382
-31353501
-30851597
-30371960
-29935031
-29445312
-28841884
-28185189
-27624914
-27147603
-26553386
-25961587
-25359427
-24816091
-24335378
-23844843
-23321990
-22804939
-22332936
-21913630
-21534866
-21167960
-20821142
-20484540
-20137678
-19826270
-19483298
-19154835
-18813712
-18485922
-18155055
-17833527
-17488624
-17115902
-16783960
-16471743
-16159714
-15886211
-15639735
-15390368
-15156007
-14925247
-14670071
-14396982
-14117344
-13794173
-13453197
-13109310
-12781748
-12447568
-12124381
-11805470
-11506428
-11224014
-10919180
-10637193
-10323991
-9945864
-9574750
-9195780
-8829105
-8441450
-8033400
-7677558
-7321960
-6967042
-6635060
-6337767
-6076935
-5839889
-5585290
-5309400
-5031668
-4757726
-4464090
-4174210
-3895070
-3616120
-3353070
-3079228
-2767450
-2459465
-2153110
-1860106
-1556846
-1225378
-904067
-603922
-281000
53713
435164
779204
1072661
1385406
1688680
2007514
2360896
2764332
3199330
3582909
3954300
4405662
4833651
5277010
5677956
6057320
6455518
6825400
7163300
7508243
7952681
8385368
8851677
9271710
9733402
10168137
10573950
10907815
11260695
11583670
11929446
12268401
12578082
12940854
13284834
13623949
13945934
14295470
14614173
14947636
15315784
15732870
16110765
16483139
16928922
17352897
17819404
18270210
18671735
19035600
19423677
19831740
20198793
20524432
20847174
21160716
21449541
21737587
22015673
22277151
22518071
22743232
22969344
23193910
23408150
23621737
23834923
24072252
24296709
24526910
24768202
25013210
25268573
25527320
25820030
26103320
26390640
26722537
27072360
27402560
27723017
28038589
28339620
28686220
29002261
29353794
29687775
30019210
30315320
30601249
30864995
31135490
31416710
31705978
32017120
32324223
32679593
33046490
33451590
33902247
34337563
34779760
35190790
35607671
36066488
36586609
37076628
37562764
38076030
38521219
38931049
39278072
39702862
40089137
40435795
40748760
41055750
41430447
41809950
42216540
42573912
42856855
43116123
43333364
43538724
43734276
43945389
44190707
44437726
44675162
44901787
45140170
45411870
45676562
45927010
46153113
46342951
46508130
46666702
46846648
47026345
47203032
47399750
47553850
47715700
47882560
48037350
48186840
48333251
48485641
48638180
48791657
48963818
49147471
49356202
49539933
49748459
49956640
50165718
50366859
50539028
50724645
50906798
51105920
51327157
51533427
51751074
51952720
52175577
52379518
52592928
52821038
53040022
53275310
53505632
53709907
53900230
54088155
54276808
54467140
54661140
54862328
55069300
55311734
55535160
55754460
55985828
56200227
56404143
56624972
56835733
57048770
57252268
57448395
57664389
57862903
58066961
58260693
58459489
58653107
58838750
59019383
59207344
59384442
59558824
59729681
59896860
60061684
60244430
60428175
60599905
60763060
60929730
61084060
61243115
61397890
61545995
61705610
61884983
62072807
62275176
62496858
62719091
62943719
63190135
63449610
63696098
63941952
64193550
64429275
64638657
64863647
65081710
65306002
65526890
65707114
65884668
66075313
66259959
66430250
66625466
66826882
67038414
67249273
67458620
67658062
67849364
68054427
68266230
68464870
68639171
68822883
69004814
69185305
69364348
69547267
69738052
69932724
70101078
70276711
70455241
70634807
70830772
71020092
71201308
71404683
71594198
71788938
71983282
72183577
72381157
72599499
72818080
73036197
73240137
73445920
73684816
73922132
74177027
74436546
74662156
74886770
75134788
75373751
75619045
75854535
76075541
76277009
76493240
76708057
76943550
77177690
77416083
77649004
77870134
78121098
78369905
78616382
78868180
79127942
79423793
79674476
79923687
80180992
80432583
80699398
80979981
81253035
81534346
81812186
82076866
82358776
82638190
82922324
83199550
83461499
83711207
83963874
84197580
84437885
84659983
84877233
85093561
85305789
85498832
85694315
85888366
86078632
86266696
86446738
86627054
86802101
86983914
87170376
87364652
87547460
87730872
87917234
88108394
88310658
88508359
88708302
88928116
89134068
89340965
89554923
89766723
89983952
90183410
90421160
90648002
90874787
91086940
91279975
91464851
91648992
91826552
91993729
92169680
92347644
92539042
92723565
92911307
93109254
93307268
93528031
93749286
93964670
94179403
94401021
94618278
94825776
95041972
95277315
95521516
95762470
96001560
96237763
96463956
96658607
96865589
97061079
97258526
97434507
97622389
97840995
98087753
98372658
98660152
98932992
99197896
99439550
99685777
99942230
100204841
100483167
100756784
101016608
101276210
101554470
101815570
102080658
102334046
102591901
102879078
103152885
103412404
103682952
103963599
104205877
104451704
104717177
104991930
105265651
105544853
105822510
106091101
106358829
106635363
106899165
107152707
107397068
107655208
107905064
108155943
108415596
108658808
108890979
109117654
109350059
109589428
109830474
110053181
110278025
110503413
110750093
111003792
111262521
111511995
111778314
112037510
112296523
112549120
112801777
113047646
113304940
113544355
113781599
114047124
114304080
114544031
114758639
114960209
115154482
115335665
115525131
115729895
115960561
116188650
116432731
116682225
116952727
117229619
117496977
117755239
118021463
118304353
118571702
118801002
119024368
119260103
119501156
119747325
120011279
120285264
120524315
120762709
121000901
121246487
121503165
121752554
122005060
122258400
122493826
122749984
122991080
123242307
123474047
123722189
123976281
124252826
124543844
124820142
125098014
125390142
125703193
126014783
126343589
126677513
127023089
127396287
127756043
128121968
128457060
128799383
129141762
129491005
129826420
130136846
130450102
130732715
131016489
131314118
131615111
131905976
132182773
132455186
132747327
133012300
133254401
133497787
133774031
134028430
134281242
134542450
134827934
135100328
135370307
135648588
135938712
136216095
136489233
136780222
137069405
137335284
137591635
137831593
138080180
138343208
138611519
138882940
139157285
139434987
139726540
140033412
140318743
140610255
140890292
141188270
141480980
141778407
142068928
142345472
142614058
142879908
143120543
143350257
143611444
143888250
144151610
144414360
144671706
144910636
145151565
145415124
145675135
145980824
146290695
146588169
146890006
147199159
147541753
147902347
148244334
148571554
148915413
149256373
149595861
149931686
150257761
150550584
150827807
151126503
151452800
151783463
152107618
152396002
152693347
152978949
153321388
153663648
153983001
154263714
154570800
154889975
155206318
155512045
155791338
156071759
156389095
156687038
157036660
157420306
157813618
158158925
158556712
158927044
159286793
159655130
160008354
160379692
160714595
161039451
161438638
161776055
162129319
162465543
162791456
163089647
163389594
163713616
164028604
164363357
164708075
165047220
165387294
165741536
166092092
166463658
166865226
167292647
167704157
168172816
168610069
168987137
169373032
169788017
170153234
170470002
170835140
171185365
171589526
172018769
172445168
172874064
173334410
173786121
174288341
174732457
175232193
175746005
176207823
176677418
177168187
177649978
178147192
178639664
179111738
179528122
179901283
180268789
180612084
180956241
181326173
181667671
182025910
182405892
182792395
183176300
183553460
183912353
184298504
184728922
185172451
185512823
185923630
186333511
186729138
187189747
187698280
188208210
188746823
189212496
189649788
190117227
190530299
190961695
191410448
191948897
192589667
193259160
193919218
194438510
194991217
195665549
196365434
197081444
197860818
198466242
199111859
199608763
200225187
200910600
201589416
202335817
203016236
203789159
204426729
205046300
205780142
206487634
207220125
208064245
208811334
209436416
210021669
210625570
211269034
211859715
212461784
213126985
213906005
214600349
215321499
215966006
216616628
217268483
217910671
218533897
219180593
219795000
220395634
221091217
221752990
222356120
222904838
223491966
224074544
224697776
225300931
225900265
226582967
227222662
227884421
228634353
229351940
230029040
230731269
231425701
232171463
232894583
233556438
234211844
234871584
235472200
236109601
236761190
237342900
237938689
238514309
239199652
239973440
240767097
241609109
242454054
243422513
244245870
245110130
245936513
246745916
247392491
248102982
248841379
249576063
250345122
251097009
251891318
252775401
253475489
254271066
255127990
255753085
256289738
257146925
258058092
258904796
259574071
260301994
261081612
261959831
262982016
264126752
265281320
266508370
267463111
268471037
269438054
270399488
271241172
272119864
272836554
273578789
274227053
274695406
275102860
275499871
276044748
276605139
277166327
277713883
278261047
278799929
279374050
279968505
280568002
281172003
281785385
282384487
283078154
283841620
284579671
285287179
286059188
286676965
287367058
287988175
288597276
289227273
289972169
290626792
291274112
291922182
292597455
293679756
294698791
295796172
296753691
297761336
298768495
299752852
300581303
301368318
302206319
302824643
303408965
304035679
304776464
305616249
306674400
307720782
308785507
309691728
310560240
311585560
312530082
313553245
314599762
315515786
316066737
316957636
317965743
319070622
320253932
321686393
323102458
324539253
325612383
326249723
327238354
328181806
328858566
329464209
330296042
331217970
332247404
333039560
333770381
334454498
335071411
335928143
336798034
337588713
338220854
339020164
339996822
340656781
341316069
342000152
342674207
343172900
343645211
344168321
344678187
345209663
345833405
346372050
347047279
347771116
348410141
348992014
349685385
350203542
350817916
351577179
352232086
352949507
353859650
354887948
355858217
356951116
358007983
359058110
360214127
361331680
362215553
363210364
364699651
366266670
367914297
369364864
370841771
372204252
373411808
374519681
375347036
376146361
377060160
378091534
379223837
380306090
381347924
382404568
383343778
384234118
384988475
386047392
387165405
388218654
389218046
390197294
391262815
391996147
392417894
392879741
394067748
395271498
396339900
397212676
398058054
399112918
400323848
401496725
402685832
403807340
405092384
406274448
407773321
409331663
411007996
413095180
415125683
417041830
418996700
420579216
422218946
425036501
427601536
430123420
432191632
433994963
436116028
438026036
439507095
440913537
443372318
445095331
446954101
449061966
451159940
453291884
456366994
459190712
461965286
464719216
467403854
470226736
472655265
475108619
477603018
479519812
481316396
483410706
485353055
487985498
490643242
492997620
496134439
498719422
501462019
505952430
510569635
514864528
520051575
524092833
528335572
532804309
538834544
543984191
548991895
552856250
554454282
555903839
558646439
562329870
566928828
572000615
576858366
583466232
589794159
595722133
600854493
605880864
610479640
615526610
620888933
630403126
643587171
654153163
660798549
669975124
678604493
687002715
690657179
693341733
697250376
701347264
704955888
708560642
713650030
717916718
723222929
727019300
729224561
730808478
732825238
734689587
736878601
738410337
740751628
744307238
746331521
749081482
753152937
757107510
760038633
763763968
766835172
769197485
770615473
772043515
773605149
774853832
775807601
777095958
780244430
783485720
784743977
785713529
789315163
793938787
797584841
799498853
800868047
802237184
804555712
806891771
811016665
815004778
817277197
820925377
825134700
829133279
832364394
835046590
837279998
839863018
842044717
844356721
846877370
849718548
851609976
853312161
855060916
857319818
859465697
861839451
865561439
871737412
879794594
883635886
884731200
895612821
903664037
911839143
919499047
929318833
940518274
951416108
960187197
965146880
974301156
983911137
989348599
995062580
999890933
1003597222
1005643010
1010099450
1015518210
1020328189
1025619882
1030579347
1036098614
1038628701
1042265115
1048038305
1053875191
1059842531
1065733280
1067936529
1068844410
1071664330
1076834314
1083060233
1090569163
1100487719
1103730231
1104547839
1111177526
1120012685
1122398923
1125477525
1127329907
1128881550
1133423938
1138562807
1141803562
1148035464
1155126000
1159220219
1161273471
1163630153
1168342060
1173531300
1181144802
1186862648
1192667745
1194771277
1196785988
1198967870
1200677695
1202441455
1203724934
1204854734
1205775856
1206591889
1207800900
1208931371
1209567495
1210032767
1210577802
1211239183
1212298155
1214261957
1216219005
1220532728
1227015699
1232257792
1237635207
1243078076
1245711043
1247831888
1249402113
1252729386
1256202815
1260208674
1265521089
1268831799
1271246738
1274273340
1277934450
1282380320
1287404009
1293248504
1298161809
1301720540
1304194210
1305854360
1307278062
1308589970
1310057400
1312052768
1314253418
1316498200
1319724850
1323340549
1325210397
1327343321
1328862476
1330874640
1333174122
1336084910
1338472508
1340787250
1342452180
1345166656
1347878881
1351266970
1353972810
1355093592
1356038981
1357480383
1359242270
1361801585
1364429700
1366946144
1368268541
1369013595
1370416085
1372572450
1374938280
1377643450
1379803441
1381550632
1383560820
1384415316
1385274825
1386739500
1388296117
1389566160
1390928640
1392863700
1394282670
1395239539
1396051458
1396514537
1397145720
1397873440
1398891252
1399584986
1400597699
1401418970
1402276200
1403246578
1404139070
1404994100
1406091470
1407503446
1408858710
1409920508
1411628133
1413006940
1413859724
1415206335
1417792270
1420394790
1423457479
1426754582
1430212389
1433730025
1438286300
1442793582
1445396043
1449311998
1451961193
1455983900
1460039443
1463773659
1468687167
1475951610
1486830424
1494410404
1504473818
1510333510
1517337601
1527594812
1532238116
1581718750
1618678954
1664704411
1677564271
1688867256
1699663366
1711583171
1724554422
1730615435
1738347552
1744639852
1747345470
1748836525
1752531393
1756535514
1760664466
1766204558
1775111494
1800000000

