[pgcg-header]
dim=12
srccount-lat=3771387444
srccount-lon=3771387444
gridcount-lat=4096
gridcount-lon=4096

[pgcg-lat]
-771920202
-718863229
-683957510
-656425724
-639156017
-535451209
-508071300
-487233870
-465846050
-461729142
-458653785
-455556470
-452250528
-448023270
-443206148
-438989564
-435922465
-432774627
-429226490
-426622776
-423636645
-419807744
-418222325
-417267156
-414676003
-413177061
-412183899
-410937031
-409025742
-406179000
-402768755
-398852542
-395832189
-393895337
-391244786
-389317826
-387150822
-385088358
-383239811
-381992582
-381442635
-380666557
-379672891
-378725576
-377975116
-377123758
-375967390
-374416993
-372764890
-371192930
-369515550
-368835467
-368018550
-366856910
-364936537
-362420672
-359961655
-357184963
-354800261
-353032886
-351424646
-349846739
-348777231
-347860758
-346589316
-345496392
-344311400
-343051898
-341636864
-340521028
-339971867
-339243507
-338374674
-337331136
-336052073
-334731500
-333991521
-333058894
-332167712
-330653472
-329428281
-327892408
-325227193
-322483322
-320375717
-318937839
-317345665
-315354601
-313296314
-309845530
-306535470
-304453569
-303275590
-302148457
-301512034
-301095381
-300786145
-300522534
-300288818
-300020308
-299685534
-299138106
-298526247
-297959543
-297465496
-297079809
-296805615
-296406816
-295892960
-295300667
-294597314
-293909856
-293396381
-292904056
-292236772
-291581524
-290894076
-290094149
-289160517
-288205070
-287363085
-286120843
-283691213
-280625547
-278524304
-276647281
-275418520
-274461092
-273155827
-271935734
-270804870
-269373763
-268284996
-267161694
-265747445
-264790171
-263921700
-262874108
-261907806
-260844848
-259827399
-259184234
-257986840
-256328764
-254932235
-253753717
-251814099
-249657757
-247630922
-246310923
-244149743
-242671319
-241141158
-239320978
-237757743
-236583420
-235936352
-235675965
-235414763
-234756991
-233681637
-233015763
-231843283
-230166866
-229255194
-228467234
-227207837
-225742829
-224253589
-223152245
-222059811
-220512267
-219201360
-217553070
-215684155
-213928849
-212999861
-212408992
-211713209
-211057048
-210261520
-209499757
-208916383
-207708785
-206702634
-205847526
-204953069
-204176710
-203324407
-202912853
-202420311
-201653131
-200760296
-199799624
-198740530
-197739650
-196395072
-195230721
-194197135
-193319502
-192479014
-191594876
-190938862
-190097140
-189455000
-188814627
-188078771
-187204698
-186183558
-185026167
-183854554
-182698691
-181284114
-180077418
-179045292
-178549163
-178072064
-177484185
-176662261
-175660288
-174590512
-173562541
-172351864
-170929338
-169662505
-168467856
-167333317
-166065584
-165109813
-164231656
-163209016
-162187418
-161372554
-160452382
-159566993
-158695345
-158057696
-157348996
-156145014
-154940344
-154074076
-152652370
-150739442
-148935371
-146637166
-144938391
-143372168
-141638191
-140023716
-138527609
-136334107
-134159394
-131571877
-129541579
-127736471
-125364068
-122588355
-120563524
-117699490
-116790361
-116136010
-114047383
-110401353
-108047476
-105083365
-101873753
-99331552
-97128056
-95537377
-94293986
-92929748
-90831712
-88991660
-87660462
-86516580
-85650000
-84975473
-83807759
-82825393
-81468212
-80597479
-80042347
-79106755
-78248421
-77680509
-77319299
-76748564
-75851381
-74262453
-73228958
-72875885
-72586839
-72263995
-71517971
-70218396
-69703976
-68866869
-68431927
-68107214
-67814927
-66354748
-65037386
-63894314
-62643065
-61566006
-59523269
-57662325
-55445502
-53916369
-52442407
-51583936
-50760799
-49319400
-47479161
-45321359
-44082985
-42907961
-41599927
-40193706
-38875098
-37787460
-36689632
-35374251
-34127060
-33384543
-32010218
-29941137
-28645162
-26803570
-25234651
-23366487
-21446783
-20528004
-19568586
-18696532
-18051464
-17404580
-16822189
-16433788
-15751106
-14994333
-14457061
-14022955
-13616918
-13244886
-12806647
-12378974
-11714691
-10891607
-10334496
-9701224
-9213564
-8498701
-7215796
-6008900
-4190513
-2530606
-966068
794335
2642827
3984763
5685102
7799772
9690456
11891145
13220457
14184695
15225595
18352771
22375616
24714188
27572712
29408821
31117350
33002532
35416918
37075324
38217935
38589225
38905564
39549797
40218921
40506240
40781333
41557626
42893104
43819597
44700474
45689763
46621094
47572711
48332364
48691760
49320186
50192873
51302963
52054036
52740534
53385050
53907560
54433207
54914862
55459631
56225934
57373594
58645915
59589402
60402490
61333709
61937196
62398619
62877539
63376378
63896751
64666039
65149507
65895966
66912916
67889741
68572446
69298175
69760071
70228517
70635031
70994438
71431492
72031661
72842726
73823894
74788453
75446977
76341488
76989291
77587979
78162079
78860233
79505380
80329375
81406216
82180509
82979638
83644850
84280817
84715594
85112116
85693946
86290907
86910158
87497797
87970869
88612880
89134914
89650126
90079973
90654861
91284093
91932157
92595910
93280628
93917555
94641837
95357530
95941660
96705560
97429706
98222621
98948421
99619851
100302251
101019494
101727403
102424233
103013068
103529191
103934958
104335968
104830736
105294265
105892718
106177963
106566683
107030506
107561718
108138200
108629340
109040534
109483556
109893067
110326848
110731733
111286214
111826028
112402594
113008413
113546104
114244001
115060983
115699909
116397414
117221381
117947310
118570037
119430581
120088950
120645904
121096175
121620650
122206876
122829221
123499844
123974795
124709263
125412484
126024039
126773995
127662113
128600280
129143792
129446626
129745499
130040207
130345033
130758793
131298759
131965482
132908085
133707057
134629480
135287899
135956840
136725793
137446816
137967039
138487677
139087795
139472930
140041155
140622682
140999621
141514272
142261237
142921114
143287978
143803983
144158634
144466662
144779438
145206950
145559464
145909145
146195112
146492629
146889786
147367304
147864778
148468143
148940410
149605280
150454263
151326681
152321980
153239383
154122447
154761111
155427186
156218165
157158820
157971027
158806794
159853466
160637730
161845417
162503514
163022839
163673672
164725524
165423429
166743206
167933577
169026624
170101692
171174725
172281181
173227081
173695885
174134544
174578992
174992792
175613062
176554772
178102135
179526677
180035776
180602841
181168746
181836290
182294523
182737824
183223326
183601234
183874101
184112186
184413012
184700146
185033261
185307493
185708834
186271822
186717468
187725472
188689530
189693526
190579284
191186341
191906487
192631110
193386816
194226197
195120844
196126346
196981938
198037411
199073202
200269527
201687789
203173331
204526428
205773033
206807060
208003254
209223878
210452759
211722954
213172807
214498554
215923794
217956590
219318595
220520382
221919613
222915354
223720628
224588858
225030027
225517422
226015213
226430335
226938458
227486183
228179052
229231994
230092330
230643718
231264366
231869633
232454314
233058675
234261753
235539195
236620670
237456066
238242569
239503174
240704736
241767961
243025510
244254472
245157100
246359254
247368879
248267122
249189014
250026248
250612066
251299945
252202591
253052962
254215309
255490212
256679238
257558270
258415119
259438031
260547640
261480848
262422140
263506197
264508837
265318960
266041322
266619184
267325100
268191377
268879674
269657783
270452454
271247660
272012150
272765786
273363247
273904093
274368363
274861541
275322862
275772619
276120747
276438422
276726808
276951153
277196690
277480700
277756796
278112826
278431769
278716669
279055506
279383584
279699613
280001945
280287823
280564705
280856069
281192298
281546495
281910350
282287460
282741183
283230790
283597594
283894513
284230630
284566541
284886480
285231080
285618688
286022560
286417018
286773812
287218435
287898008
288674850
289543659
290386572
291087070
291649748
292170289
292678736
293069940
293438766
293909887
294442503
294952551
295413842
295792650
296191417
296602229
296969501
297300236
297645903
298000987
298398560
298804300
299214060
299519140
299801367
300108600
300412804
300800381
301259190
301644240
301950862
302231070
302519002
302812280
303064500
303318567
303548370
303733588
303933163
304120203
304326360
304517915
304734261
304968800
305209660
305512305
305901338
306333086
306781375
307215775
307702930
308193822
308687622
309148259
309622961
310123891
310633331
311124620
311568329
312030180
312424734
312768291
313101150
313419456
313747640
314109109
314460480
314849608
315203461
315525990
315887456
316249760
316652500
317055336
317344893
317662105
317966758
318304410
318668043
319012391
319360371
319727914
320098276
320435871
320739472
321039691
321394210
321766118
322121570
322457648
322802535
323140199
323452345
323767094
324074793
324374082
324667085
324948446
325210344
325495117
325800040
326079177
326356073
326576648
326778119
326972272
327153318
327324367
327489090
327658600
327819450
327964572
328124554
328277001
328424840
328570970
328740060
328926010
329113593
329313773
329522290
329743350
329962730
330189382
330457430
330739430
331031031
331294888
331548330
331802760
332035300
332275784
332505710
332743543
332977852
333181010
333420149
333643881
333860090
334085010
334293910
334484606
334662640
334836930
335020008
335192412
335357487
335525840
335691300
335845878
336008740
336179320
336361300
336525279
336700277
336879759
337080690
337260271
337408862
337554342
337680410
337796196
337904726
338008622
338120871
338224179
338331494
338434760
338543480
338646716
338744395
338838640
338927898
339012305
339102244
339190890
339275034
339361604
339445000
339529741
339609333
339681197
339754157
339829584
339902743
339975372
340053607
340128700
340199922
340271237
340340029
340405537
340465638
340526810
340591074
340655312
340715754
340776230
340836468
340900604
340968480
341038000
341105100
341175930
341254180
341337061
341417846
341496343
341580040
341657999
341744819
341833747
341923628
342017320
342110870
342210093
342320870
342435444
342546419
342656785
342780320
342915480
343060121
343222510
343408092
343601482
343760325
343905851
344049135
344188220
344335174
344475850
344617619
344754151
344894470
345032704
345188930
345353240
345528287
345678801
345824449
345989237
346155658
346321035
346465922
346583395
346685764
346776031
346858803
346951620
347048094
347151220
347261410
347377580
347489183
347614110
347740697
347860750
347984562
348112090
348230352
348341748
348458273
348582817
348710120
348843095
348977054
349113891
349247809
349365146
349479060
349587137
349700815
349810110
349913740
350012780
350109522
350210741
350318683
350428872
350546470
350665648
350781084
350896800
351007487
351109715
351205470
351296879
351387594
351479240
351570849
351669258
351770081
351884288
352002550
352121340
352237110
352353260
352462324
352571792
352681345
352793060
352907510
353015480
353123167
353232214
353335750
353442797
353548271
353648720
353752610
353859614
353963151
354060179
354158870
354250788
354338907
354433010
354530730
354631670
354730590
354823080
354914158
354999570
355088210
355188023
355300990
355432666
355566830
355703114
355835540
355967580
356093400
356217294
356342910
356462260
356575451
356683659
356808330
356923479
357035240
357143134
357258581
357370930
357496340
357632355
357771123
357901350
358036260
358167036
358298036
358429588
358560540
358691774
358820943
358938112
359048895
359166179
359286755
359420461
359546084
359678490
359821217
359968362
360116050
360263109
360413912
360554960
360695900
360830173
360968060
361112614
361253885
361402197
361548252
361695244
361845720
361998410
362152010
362303830
362461610
362616664
362772323
362932490
363087395
363232490
363382921
363534319
363688252
363846770
364011633
364182880
364355330
364528370
364697620
364873605
365034097
365187107
365343910
365492364
365627027
365762280
365898547
366024616
366151215
366283590
366418740
366552053
366686943
366817901
366933799
367042441
367147040
367240805
367329851
367419194
367505580
367601153
367699680
367797058
367896901
368001335
368102712
368206676
368315380
368415572
368515230
368613376
368718250
368824099
368936157
369053410
369172888
369294673
369428520
369558351
369690300
369824895
369947710
370070460
370189696
370301352
370414450
370524470
370631830
370744597
370852783
370963465
371073693
371188600
371299540
371416998
371540930
371666029
371799810
371931900
372055250
372194194
372326915
372456340
372588717
372719350
372852219
372981622
373113855
373247200
373382590
373514950
373647363
373779380
373901829
374021028
374152500
374286125
374424790
374555423
374681971
374805450
374930564
375054521
375177468
375301442
375430269
375551460
375667647
375792255
375926660
376074645
376222769
376381188
376524960
376657342
376813155
376972360
377119622
377244009
377352260
377454900
377556963
377652156
377757649
377865259
377989462
378123544
378278178
378434066
378598397
378772625
378934376
379095051
379238032
379371460
379497580
379629934
379747066
379861752
379977037
380092265
380202891
380310285
380426286
380545109
380673197
380811320
380938280
381072446
381208631
381345425
381477370
381616009
381748265
381878230
381996979
382120059
382250232
382378543
382500510
382618222
382752150
382919643
383087937
383270650
383446790
383607893
383772860
383950380
384121970
384297083
384474020
384656840
384836653
385013230
385186853
385355550
385511434
385677447
385832741
385986926
386158244
386330900
386476840
386620976
386773280
386917510
387071189
387213164
387351960
387486459
387622427
387762276
387896621
388032308
388181110
388316449
388460570
388600596
388734668
388855389
388968689
389079295
389189855
389295535
389394739
389504682
389616460
389728060
389851221
389975681
390106360
390237365
390376635
390515960
390657721
390795565
390941434
391088280
391235022
391382512
391525381
391668251
391818360
391966524
392113510
392257763
392387541
392512188
392632719
392751700
392858528
392957530
393060549
393158921
393270633
393376830
393483536
393595596
393706204
393815653
393940080
394068310
394198226
394330335
394465729
394601183
394740358
394872141
395004378
395146964
395282712
395420664
395562731
395693022
395833957
395976710
396110606
396249980
396388840
396522624
396659388
396801197
396943990
397083078
397214487
397345403
397470974
397591737
397701044
397821904
397949494
398083579
398220264
398351628
398478470
398609068
398735206
398863866
398984087
399095369
399204025
399303457
399409387
399516606
399616885
399721171
399826700
399935000
400046888
400161960
400291938
400416400
400548615
400669690
400797127
400924665
401044171
401169523
401295325
401414516
401532677
401659295
401782422
401912664
402049560
402176984
402315038
402455697
402590831
402703783
402820234
402934609
403045544
403158967
403271888
403387839
403502089
403624469
403756380
403870075
403976083
404072412
404175151
404274126
404377520
404488485
404601813
404713887
404832326
404948774
405066794
405187301
405300879
405416535
405524156
405631151
405741965
405843579
405944045
406040973
406130492
406216481
406296684
406373744
406452383
406538048
406622906
406701905
406773058
406840081
406912061
406984952
407055325
407124217
407188502
407250438
407313191
407380675
407447207
407511286
407578804
407647172
407715990
407786462
407860550
407935170
408012981
408099444
408185742
408269000
408346822
408428960
408512217
408596202
408683082
408770601
408855383
408943073
409031940
409127916
409226890
409329359
409438554
409537016
409637716
409741294
409844593
409947455
410043662
410144480
410256470
410368623
410478824
410590970
410699270
410803657
410910405
411021669
411127976
411234604
411348070
411463766
411578067
411703874
411839540
411966593
412090555
412215346
412341359
412466062
412589091
412706940
412827155
412945196
413065050
413175562
413288498
413411461
413541586
413662540
413790104
413917183
414044501
414161089
414284415
414413704
414538779
414665082
414796618
414933773
415062700
415185250
415316077
415446277
415563695
415673816
415786454
415898700
416008841
416115763
416218808
416317214
416409750
416499690
416588338
416679864
416768274
416851311
416932090
417008863
417085400
417169040
417254264
417338693
417416169
417491520
417574481
417657524
417745520
417830796
417915970
418003458
418099238
418199115
418298848
418401373
418505508
418606560
418706510
418810241
418912299
419004962
419094989
419179545
419261188
419341422
419421312
419506580
419607760
419708983
419805691
419906970
420002168
420102148
420204167
420303920
420401135
420495423
420582825
420667654
420749790
420828868
420915940
421003690
421089127
421173837
421257158
421342359
421424445
421513330
421605187
421699718
421792800
421886990
421978627
422071392
422167044
422265557
422361730
422453870
422541786
422630867
422720200
422813220
422902647
422996793
423086988
423174544
423264269
423351750
423440064
423532062
423626878
423721599
423818308
423923771
424032524
424140484
424240493
424337638
424435029
424536630
424628779
424725230
424823712
424925435
425026950
425127411
425224000
425321080
425425464
425521870
425619243
425713107
425802789
425897690
425996732
426089590
426182072
426272336
426363222
426453955
426547318
426637742
426730847
426820031
426908575
426990443
427080509
427177854
427274472
427375048
427479705
427584282
427681581
427775113
427869358
427962970
428058839
428150489
428246974
428345429
428443488
428533880
428624972
428715830
428801864
428896532
428994413
429095522
429199088
429301693
429400799
429502915
429600394
429697150
429793720
429882016
429969412
430057519
430142869
430226996
430308207
430389627
430466833
430538964
430614414
430691690
430765894
430832900
430896381
430961406
431024501
431084400
431146630
431211477
431276200
431340076
431404412
431476317
431552491
431631361
431707420
431784719
431853052
431920690
431994541
432069926
432143853
432221160
432295469
432371239
432449131
432520394
432596950
432677142
432752749
432818205
432878532
432940720
433001800
433064230
433125120
433182991
433244652
433307808
433369100
433432821
433500339
433567991
433637890
433714510
433798224
433873785
433946920
434023109
434102650
434184525
434261804
434341295
434420170
434492163
434559891
434627778
434702689
434780369
434857674
434929995
435004954
435082210
435159727
435236170
435306420
435379024
435449046
435518446
435582785
435647730
435714601
435781643
435846320
435912690
435977090
436042381
436103381
436164970
436229600
436298650
436364379
436427350
436490325
436556363
436621483
436686091
436755870
436824105
436889608
436956940
437021060
437089771
437166680
437239012
437312920
437393020
437479043
437560740
437637230
437714478
437795089
437868754
437944348
438026260
438104094
438184272
438259910
438332287
438405239
438478048
438550352
438626037
438707090
438785470
438860921
438935567
439010547
439089396
439170119
439250793
439329607
439409603
439490560
439568560
439650567
439743632
439837480
439931531
440022311
440106998
440194230
440282852
440362166
440436889
440505945
440576040
440650270
440727896
440807257
440886190
440966199
441046628
441125176
441204738
441287100
441370240
441458848
441548137
441635057
441720733
441807495
441891840
441975254
442057920
442145143
442236000
442323582
442410749
442501099
442594714
442685232
442773690
442860216
442945720
443031100
443115306
443197900
443282761
443367789
443449590
443526680
443605080
443683038
443761764
443840675
443913930
443985150
444052630
444118610
444186069
444256557
444328261
444404125
444480330
444560739
444639316
444714677
444792632
444864390
444936738
445008922
445083185
445159140
445237780
445316490
445393118
445466550
445540241
445615540
445692221
445772913
445859958
445947907
446033348
446114210
446197157
446276490
446349176
446421520
446494027
446568317
446645876
446728615
446810065
446890467
446968315
447048244
447129400
447206021
447276587
447351260
447423803
447496547
447567623
447639045
447707677
447777774
447849002
447921994
447990182
448055135
448119440
448184328
448245954
448307850
448367954
448423503
448482319
448541936
448602638
448665910
448731686
448799489
448867934
448936699
449002820
449068672
449138328
449204736
449273630
449341264
449410116
449481036
449551604
449619560
449693150
449766810
449841133
449917257
449996362
450076373
450155880
450235442
450312120
450382064
450449880
450517010
450584180
450655643
450729646
450809480
450893505
450981590
451069125
451155970
451240519
451322303
451398861
451474223
451550125
451628140
451711967
451792362
451863961
451934431
452012453
452092640
452169698
452245854
452322480
452397949
452471240
452543168
452617805
452692980
452762120
452835104
452904560
452975371
453047868
453123519
453194299
453263113
453333801
453404110
453472310
453537690
453603572
453670749
453738094
453804283
453865511
453925089
453981705
454039768
454099793
454160380
454216941
454272936
454327205
454379718
454429701
454481305
454534592
454588040
454639601
454691491
454740538
454787500
454835501
454884347
454935049
454982248
455027265
455073617
455119733
455163790
455206642
455248302
455290591
455334395
455377857
455423009
455467079
455512283
455560368
455609445
455660250
455711532
455763033
455816170
455867186
455914910
455965418
456014173
456065247
456118281
456169757
456222329
456272880
456322511
456371800
456421239
456467771
456515300
456565358
456614352
456662854
456710506
456758761
456807817
456857820
456905536
456953958
457004627
457054055
457103110
457153141
457204355
457256866
457309075
457358506
457406744
457454326
457499791
457545570
457593100
457639390
457684400
457727802
457772625
457818382
457865617
457914003
457960030
458006399
458054432
458102850
458150812
458197931
458243910
458289012
458334940
458381670
458430041
458476986
458524681
458577164
458629164
458680612
458732815
458784663
458838081
458890408
458941400
458994930
459050866
459107430
459162958
459219326
459276058
459334340
459391314
459449015
459504430
459562319
459620272
459681322
459740878
459803007
459866845
459927693
459990879
460054451
460121173
460188255
460252389
460315713
460377243
460437207
460495540
460552618
460607660
460663759
460720020
460775550
460831724
460888360
460948575
461007020
461062072
461115260
461171419
461229310
461285324
461339712
461393550
461445259
461498116
461549771
461602100
461653163
461703060
461751544
461800729
461849226
461896420
461947062
462002256
462056060
462111102
462165303
462222537
462277327
462334415
462392437
462451030
462509297
462568529
462630674
462694963
462762033
462828408
462893710
462959567
463025236
463088660
463151012
463214772
463277881
463340898
463405596
463467814
463530829
463594974
463663446
463734410
463806421
463879570
463954690
464031226
464108176
464182204
464256510
464331482
464404636
464480464
464552977
464622633
464690330
464758973
464827588
464895541
464962628
465030708
465098264
465166585
465234510
465304700
465371054
465436572
465504368
465569800
465633035
465698926
465765230
465838384
465913298
465989042
466060453
466131931
466203081
466268207
466334521
466402300
466472374
466545748
466614690
466683220
466750885
466819860
466887720
466960092
467033240
467104469
467172380
467237980
467307177
467376450
467443890
467509739
467573040
467637536
467700300
467761004
467819994
467878696
467936330
467994499
468054644
468111545
468165944
468220025
468273750
468326310
468382471
468441425
468503370
468566899
468629874
468694815
468761750
468829865
468896164
468966867
469040439
469113423
469186390
469259355
469331137
469397059
469459671
469521647
469587504
469653621
469718388
469782344
469846629
469911221
469976147
470044177
470111168
470178060
470248010
470321260
470390497
470458265
470524198
470588049
470648940
470711839
470779467
470845865
470913656
470977111
471037239
471102444
471165661
471229947
471290830
471352330
471413080
471474486
471538590
471603080
471667847
471728437
471788270
471848722
471908411
471964367
472016843
472069186
472121343
472171893
472224467
472277657
472329426
472380267
472432486
472485431
472537557
472587249
472634922
472684695
472736190
472785814
472832728
472882668
472936931
472992528
473048747
473106059
473163411
473219359
473273539
473327301
473381608
473435390
473487424
473540195
473595390
473649747
473703783
473761467
473818470
473869950
473918483
473970020
474022862
474074288
474124630
474178501
474233893
474289289
474348335
474404482
474458009
474513135
474572236
474628115
474684020
474738810
474791183
474842217
474894200
474947343
475001765
475053870
475107111
475161170
475210980
475261936
475316808
475373542
475430776
475487783
475543470
475597242
475652400
475707882
475764014
475820450
475874560
475929710
475985938
476042290
476102533
476161570
476218494
476277006
476335149
476392720
476447752
476503632
476557320
476607849
476658279
476709551
476760310
476811900
476863274
476913070
476963558
477012774
477065733
477121075
477173146
477225009
477280403
477334989
477389965
477445114
477501277
477555846
477609387
477662710
477719201
477776899
477835518
477892848
477945884
477996552
478046002
478096526
478147397
478200315
478254790
478311108
478370085
478428270
478485624
478541883
478594159
478646175
478698336
478748927
478801103
478856397
478908474
478961157
479013739
479065156
479116650
479167680
479217546
479269286
479322140
479373970
479425446
479480255
479531791
479584837
479637228
479689901
479743639
479794950
479842806
479887772
479932814
479977303
480020851
480064480
480109714
480156497
480202350
480249949
480299897
480350070
480398670
480444660
480492404
480541704
480589061
480635555
480682760
480727114
480773564
480820359
480865066
480912155
480957653
481002440
481049002
481094518
481140847
481186260
481232524
481279536
481328968
481377494
481424911
481471829
481516200
481561702
481608379
481654800
481701250
481746022
481791229
481834426
481878636
481923925
481968657
482011424
482056836
482102672
482147630
482193904
482241512
482288237
482336432
482386630
482435020
482483312
482531168
482579692
482632350
482683486
482733278
482781754
482828902
482877411
482926725
482976913
483026829
483077620
483127571
483179390
483233022
483287885
483341517
483394721
483445779
483494849
483543000
483591732
483640664
483690688
483741708
483789643
483836519
483882672
483931911
483978630
484024597
484070899
484116370
484162610
484211894
484259185
484303921
484347847
484392886
484438659
484482908
484526869
484572387
484618294
484664862
484713258
484762061
484812485
484863920
484914690
484966120
485017194
485067043
485115264
485162332
485208525
485253441
485297660
485341369
485389407
485438578
485490400
485539880
485586610
485631712
485676432
485721333
485767838
485812829
485858609
485904000
485950685
485999230
486046193
486092820
486140408
486187780
486233760
486277924
486322809
486368366
486416413
486464578
486511138
486557949
486604989
486654022
486702325
486748345
486793123
486837333
486880127
486923173
486967042
487010061
487054843
487100419
487147124
487193429
487241137
487287960
487334647
487382070
487427929
487475960
487523915
487569110
487613110
487657540
487701800
487746590
487793484
487841383
487888615
487933364
487977085
488019700
488059911
488100690
488142130
488183873
488224693
488267647
488315211
488361992
488406531
488448449
488490847
488532752
488575429
488618912
488665078
488708830
488751226
488793630
488836418
488880489
488924143
488967793
489012360
489057537
489104072
489150858
489197480
489246748
489294291
489341044
489387103
489432140
489479491
489527260
489573713
489621061
489669517
489719322
489768074
489817340
489866817
489912540
489958300
490004757
490049560
490096011
490143578
490190871
490238789
490286834
490335333
490381883
490430443
490477714
490525633
490574606
490625893
490677671
490728738
490779947
490833192
490885736
490937348
490989430
491038930
491089023
491139152
491189840
491241065
491295015
491348122
491399403
491446382
491495682
491545833
491597125
491649340
491699748
491752297
491804155
491853261
491901625
491948403
491994461
492040857
492086634
492129142
492171768
492215162
492258058
492301649
492347158
492393568
492440940
492487666
492534937
492582580
492631687
492682673
492737407
492789313
492838903
492888640
492936915
492985640
493032926
493082288
493134841
493186661
493237032
493289117
493342821
493398079
493449760
493498339
493546710
493596151
493649220
493701814
493754842
493807609
493860679
493913300
493966512
494016970
494066138
494115689
494164596
494215284
494268439
494320056
494371919
494422845
494472845
494525730
494580131
494632950
494682265
494730230
494780077
494829934
494880326
494930732
494982885
495033126
495080849
495128013
495177680
495228360
495280490
495332508
495386196
495437622
495487386
495539364
495593676
495648587
495704489
495760474
495815990
495873742
495928391
495983631
496041290
496098441
496157009
496217847
496278893
496336781
496393945
496451190
496507545
496562674
496619090
496676380
496733304
496791298
496852120
496910288
496968136
497025989
497085706
497143877
497202730
497263524
497322272
497379597
497435069
497491816
497545988
497599001
497655778
497715005
497771336
497826121
497879776
497934119
497988940
498043543
498097930
498152624
498207481
498261777
498314870
498367946
498419902
498470642
498521819
498574590
498627490
498679660
498729746
498780607
498832813
498883275
498936581
498988098
499037758
499089369
499143539
499198553
499253020
499306889
499361355
499417016
499471106
499524612
499579395
499631834
499682643
499733561
499785338
499836088
499886113
499934410
499984493
500031672
500078365
500125105
500171317
500217216
500265452
500313839
500361523
500407088
500452025
500498256
500543150
500586523
500632626
500679783
500726656
500772189
500817564
500861338
500905447
500949817
500995820
501040041
501086309
501136416
501186908
501235838
501286094
501338315
501389655
501439928
501491571
501544522
501597930
501650744
501704929
501759924
501813580
501867105
501922398
501978459
502032405
502087230
502147930
502208338
502265296
502320000
502377504
502434290
502492593
502550565
502606011
502661854
502716241
502768479
502822189
502873943
502924828
502974408
503025302
503076777
503130809
503185964
503240759
503295919
503350239
503405017
503462501
503515887
503567650
503620385
503673021
503722786
503776635
503832616
503889780
503947053
504003129
504055891
504108948
504160709
504210842
504260087
504309920
504358120
504404224
504451384
504500068
504547821
504595130
504642657
504691910
504739390
504786368
504835562
504885528
504936515
504990487
505045611
505100545
505154996
505207490
505261416
505317974
505373620
505426869
505483292
505543098
505601153
505658817
505714374
505768737
505823023
505875273
505927133
505981114
506035662
506088417
506140208
506193656
506242928
506291063
506340450
506389883
506440697
506490277
506541756
506591721
506638459
506684977
506731035
506778901
506827379
506875793
506927581
506979241
507028708
507079024
507127800
507177137
507225322
507272073
507317445
507361944
507407318
507455196
507505720
507556350
507606226
507656157
507703857
507750339
507798449
507846991
507899493
507949788
507997532
508042964
508086769
508130142
508173675
508218419
508262177
508307314
508351080
508391746
508433713
508474698
508515035
508554592
508594352
508633556
508672001
508711340
508750123
508788537
508828615
508870433
508914126
508957746
509000347
509042627
509084760
509126277
509166944
509208474
509250909
509292183
509335210
509377899
509419300
509459268
509500922
509544670
509588289
509630585
509673367
509717201
509759740
509802775
509846897
509890555
509935177
509979184
510024118
510070447
510119667
510167287
510215048
510261780
510307782
510353896
510399634
510447399
510492823
510537548
510584323
510629729
510677434
510726090
510774999
510822979
510870214
510916818
510963260
511008770
511053863
511098419
511141467
511185725
511229522
511273935
511318888
511362177
511406250
511453738
511502460
511549935
511597635
511644228
511691912
511741721
511791580
511841655
511890023
511936175
511981393
512025050
512070687
512115908
512161599
512210309
512259548
512307563
512357380
512408780
512458054
512507903
512554080
512601894
512649587
512698449
512749796
512800164
512848552
512897228
512948275
512997141
513045198
513094630
513145082
513195775
513244288
513290476
513337259
513387632
513439349
513490022
513538073
513583398
513627671
513673406
513719171
513765355
513815448
513866169
513915827
513967705
514019305
514071653
514122736
514170878
514216092
514262632
514309342
514355816
514400802
514445042
514488695
514531832
514573508
514615543
514657710
514701099
514742011
514782105
514820893
514859659
514899729
514937190
514975564
515013438
515054375
515096767
515139135
515180404
515221164
515261172
515301963
515343798
515388464
515434062
515481219
515527866
515576129
515625572
515673966
515716341
515755825
515797766
515840048
515881672
515923766
515970000
516020607
516074921
516128261
516184713
516241153
516295000
516351380
516408297
516460000
516510604
516559505
516607963
516656021
516707710
516760984
516818911
516876355
516927967
516987285
517052248
517113773
517173788
517235784
517294471
517348192
517401404
517454659
517507003
517560475
517613845
517666391
517716956
517767513
517824750
517884063
517943556
517997445
518047911
518098627
518149905
518199634
518246335
518291468
518336514
518380949
518431026
518482703
518535994
518591894
518646726
518701247
518753388
518802819
518849834
518897937
518946692
518999685
519055475
519107737
519158032
519207908
519259048
519307853
519355977
519403735
519451132
519499009
519548632
519598157
519648108
519702535
519755662
519807893
519858422
519907604
519958617
520011519
520061812
520110459
520160440
520214148
520262894
520311058
520358254
520406630
520455550
520505350
520555063
520605444
520654070
520702147
520750857
520793326
520835660
520878188
520920585
520966214
521015100
521066275
521118977
521172617
521227792
521280688
521330971
521378706
521424104
521471112
521518148
521566597
521615925
521665684
521719886
521777527
521832838
521882633
521931398
521978007
522023792
522067741
522111598
522152262
522194189
522237971
522283425
522328116
522372360
522418606
522468338
522517512
522564522
522609742
522655683
522702001
522748040
522797102
522846741
522896537
522942007
522986692
523033152
523080832
523130100
523182761
523238215
523297715
523351300
523403424
523451043
523497511
523543567
523592436
523640943
523690587
523735684
523780058
523823243
523867135
523910686
523957465
524006218
524052899
524098543
524144463
524194546
524248687
524305292
524356450
524408564
524460568
524511830
524565165
524617150
524672481
524732338
524792214
524852882
524907926
524959818
525010818
525063303
525112957
525161192
525212970
525265551
525323017
525381437
525442621
525505127
525568504
525632938
525701148
525767203
525839439
525912149
525981343
526046291
526114080
526185094
526256898
526328722
526398829
526468826
526537068
526605520
526670086
526736697
526804648
526883952
526962749
527038939
527116059
527192081
527266260
527350034
527438221
527527164
527616393
527707356
527803656
527888933
527977754
528072445
528173548
528285536
528385027
528479508
528565311
528655509
528747457
528838548
528924474
529010590
529096841
529180219
529263039
529350421
529433832
529516045
529594792
529678720
529761644
529842336
529918268
529994054
530072786
530152931
530233221
530315270
530396114
530478704
530556408
530628720
530701097
530772877
530844940
530913845
530977813
531043199
531109975
531178105
531247979
531316507
531382181
531445155
531505848
531570369
531633468
531696997
531764014
531829504
531893624
531957582
532022644
532086958
532149767
532218879
532288221
532357008
532427883
532500069
532575749
532649399
532727656
532798913
532871068
532946491
533023760
533105817
533186444
533261401
533335530
533409335
533487027
533572663
533653098
533731699
533807947
533885030
533965945
534044310
534125967
534206924
534288992
534375000
534455731
534537195
534619207
534707094
534789360
534876726
534971976
535067044
535158579
535246643
535331981
535419093
535502349
535581731
535665128
535746552
535830499
535915336
536002765
536093935
536189318
536300631
536409999
536514413
536623038
536736721
536840802
536938358
537037518
537138404
537243125
537346016
537444355
537547124
537645769
537747071
537847450
537945217
538044717
538149978
538253119
538350285
538444874
538536848
538631150
538728080
538824829
538925667
539022890
539116838
539216195
539314453
539419830
539523621
539627311
539734213
539852119
539966549
540084301
540204954
540328218
540446763
540564407
540681825
540786024
540887481
540989304
541098211
541205749
541325021
541451591
541571957
541689300
541801223
541912518
542033891
542149721
542276681
542409236
542538086
542666670
542790320
542907263
543015332
543120146
543222487
543329410
543438485
543545693
543657555
543777352
543905105
544036874
544170350
544300141
544437825
544588602
544734237
544875671
545021348
545163199
545309699
545472100
545625000
545785601
545955646
546105450
546265749
546419312
546570383
546719449
546882609
547038325
547184611
547342747
547512875
547672051
547826011
547982857
548141954
548313273
548476922
548625822
548780250
548929871
549066542
549201482
549333368
549464355
549596732
549736703
549875174
550006349
550145649
550299296
550441673
550586226
550731348
550877616
551031600
551178546
551320834
551460926
551598204
551733845
551875233
552025368
552176675
552338221
552496620
552654583
552838000
553020441
553183203
553343262
553499565
553652574
553808851
553959611
554096534
554237221
554386393
554535768
554686198
554819653
554947569
555069361
555194847
555325910
555466709
555613803
555745524
555881598
556003225
556123156
556252742
556371022
556492159
556617413
556736819
556852660
556982871
557096517
557204780
557313680
557427065
557534219
557649557
557765761
557888632
558007152
558130732
558252473
558370065
558479737
558593704
558708759
558832172
558950857
559067861
559186881
559302235
559409803
559515135
559625502
559745434
559873275
560010087
560153262
560302360
560460759
560628880
560796793
560961917
561113466
561263117
561401258
561545703
561689236
561831885
561977826
562124052
562284484
562434470
562587295
562754571
562918066
563080310
563245790
563422271
563604467
563785517
563966903
564163820
564364488
564561021
564754756
564941276
565128730
565327970
565545422
565776414
566003893
566223416
566406893
566574853
566760617
566963980
567172013
567395130
567622426
567847388
568063963
568279731
568471615
568685425
568901367
569128551
569383422
569579669
569772125
570010509
570259409
570499390
570772880
571038042
571309308
571550836
571824974
572118453
572428717
572752593
573079186
573400002
573728512
574035253
574330671
574597204
574875707
575191839
575515709
575832842
576126613
576399322
576639880
576897410
577139594
577375225
577662735
577947063
578248051
578563552
578885373
579226585
579561253
579867648
580103303
580345461
580584772
580838715
581094550
581375005
581658180
581953640
582262516
582566863
582848837
583133959
583427263
583657943
583843749
584061998
584312421
584595339
584892125
585173899
585431516
585688435
585962887
586243420
586530212
586818221
587111318
587405289
587682272
587995880
588277681
588552246
588855848
589213841
589582210
589921490
590258740
590576867
590909911
591217047
591528510
591835649
592095619
592326756
592564379
592781326
593001544
593208795
593407440
593604099
593792492
593986802
594193151
594396170
594639901
594916926
595212460
595529755
595824029
596083005
596331475
596592058
596871945
597140179
597402639
597644674
597899849
598149575
598379807
598583693
598784849
598986337
599164827
599330445
599495607
599671039
599877038
600071233
600274429
600503969
600741473
600994208
601248812
601491636
601688902
601891609
602069462
602247348
602433444
602631490
602850679
603085707
603326408
603568007
603809901
604032120
604257357
604505377
604737547
604968169
605219766
605498246
605761999
606013064
606253840
606505428
606758155
607007263
607232222
607451436
607703829
607948021
608182554
608438927
608685505
608918173
609158283
609388377
609602761
609799154
609992500
610175282
610383821
610593903
610808004
611020975
611225907
611430209
611638221
611859249
612102101
612352673
612567294
612798080
613064350
613336708
613609318
613886599
614163039
614456347
614706544
614920985
615141770
615408593
615681544
615968911
616271935
616576631
616884980
617222183
617589986
617933785
618271139
618629987
618979021
619360696
619771810
620151991
620553906
620958896
621277777
621612936
621960429
622323304
622687722
623111349
623562500
623961123
624342704
624727142
625121165
625499363
625865877
626248000
626681543
627070717
627387681
627823988
628254863
628670946
629124662
629556129
629970618
630356976
630761094
631141408
631585000
632020616
632537174
633037385
633504571
633921354
634273994
634702020
635174876
635609965
636018595
636486675
636923956
637382530
637838352
638264180
638670508
639190531
639752500
640337141
640892159
641330704
641776499
642361646
642959935
643681506
644392353
645023055
645480160
646012554
646821532
647832251
649099634
650169165
651234320
652860713
654412500
655815178
657089991
658323509
659552576
660536465
661748284
663082026
664306259
665329266
666344899
667412584
668375938
669405741
670657721
672048471
673722404
675234759
676875163
678566399
679950000
681334230
682720218
684257767
685642763
686926750
687878878
688811136
689676986
690515726
691426522
692280000
693296125
694330757
695645463
697096951
699715000
703163156
706417490
709136319
714771969
728440000
751444726
789925000
821210101
900000000

[pgcg-lon]
-1737979232
-1646312419
-1593495159
-1564390370
-1526062775
-1496885161
-1457146249
-1400759536
-1385851518
-1375870848
-1367425432
-1360828630
-1354748625
-1348717864
-1341925665
-1333922232
-1327781243
-1323886410
-1319475300
-1311527018
-1302341203
-1296497100
-1292165977
-1286534651
-1278967421
-1272996473
-1267933593
-1262600025
-1257781413
-1254229999
-1251480991
-1249031303
-1246982957
-1245107215
-1243420831
-1242030258
-1240923231
-1240098343
-1239329513
-1238583910
-1237899000
-1237239601
-1236593302
-1235997628
-1235414770
-1234862050
-1234293196
-1233744954
-1233198180
-1232635689
-1232079420
-1231598187
-1231162279
-1230794020
-1230440930
-1230071196
-1229690870
-1229358546
-1229011651
-1228679236
-1228390370
-1228107728
-1227815788
-1227511575
-1227194293
-1226899097
-1226610677
-1226339501
-1226083749
-1225819714
-1225514194
-1225198668
-1224931346
-1224738424
-1224534682
-1224346442
-1224157420
-1223971623
-1223777130
-1223559693
-1223340610
-1223140392
-1222960710
-1222787662
-1222596890
-1222395555
-1222172734
-1221964180
-1221732660
-1221468890
-1221178886
-1220814794
-1220490282
-1220190390
-1219857170
-1219393488
-1218913713
-1218388178
-1217853107
-1217345051
-1216789390
-1216221339
-1215679577
-1215122962
-1214543146
-1214007525
-1213532721
-1213118377
-1212699390
-1212194230
-1211597400
-1211061991
-1210507952
-1209933670
-1209426756
-1208919534
-1208459728
-1208014980
-1207498166
-1207016069
-1206646732
-1206261029
-1205823860
-1205317889
-1204834615
-1204366670
-1203849930
-1203342810
-1202773899
-1202227001
-1201675147
-1201118067
-1200506086
-1199822094
-1198902751
-1198220511
-1197543903
-1196849304
-1195901112
-1194843401
-1193884350
-1192966752
-1192006136
-1191245853
-1190677645
-1190188391
-1189618711
-1188808670
-1187954504
-1187007319
-1186263694
-1185846581
-1185512665
-1185238501
-1184968265
-1184734219
-1184543147
-1184361769
-1184205643
-1184053579
-1183912997
-1183777726
-1183646754
-1183521856
-1183390289
-1183259518
-1183147622
-1183030026
-1182912916
-1182769404
-1182627500
-1182477848
-1182314793
-1182143882
-1182003430
-1181881963
-1181748296
-1181592731
-1181451555
-1181312518
-1181179093
-1181033812
-1180878972
-1180704480
-1180492721
-1180260817
-1179989242
-1179643611
-1179241920
-1178932688
-1178540280
-1178067797
-1177545562
-1176967455
-1175845042
-1174429252
-1173168270
-1172280343
-1171557720
-1170913837
-1170233240
-1169261950
-1168104154
-1166830377
-1165585187
-1164401883
-1163281172
-1162182130
-1160873127
-1159679870
-1158356797
-1156706450
-1155030375
-1153401790
-1151746500
-1150556457
-1148986187
-1147308018
-1145558720
-1144096041
-1142730775
-1141476453
-1140548372
-1139580639
-1138057480
-1136747742
-1135926235
-1135354157
-1134817351
-1134250108
-1133342750
-1131858506
-1130196292
-1128532740
-1126996346
-1125349350
-1123785241
-1122451075
-1121316537
-1120573530
-1119920581
-1119327340
-1118654686
-1117782417
-1116821350
-1115792227
-1114678693
-1113516530
-1112171570
-1110792618
-1109661005
-1108561043
-1107282086
-1105556774
-1103603040
-1101902819
-1100079880
-1098576206
-1096977720
-1095461745
-1094199287
-1092780898
-1091361992
-1089830150
-1088231295
-1086704762
-1085335870
-1083840634
-1082305470
-1080798029
-1079253430
-1077829470
-1076283380
-1074724320
-1073176770
-1071743040
-1070174650
-1069064459
-1068139570
-1067236054
-1066284750
-1065443710
-1064562961
-1063696193
-1062749160
-1061594897
-1060631340
-1059667683
-1058525467
-1057264525
-1055982158
-1054813052
-1053623488
-1052613233
-1051739921
-1051016400
-1050414469
-1049929905
-1049133616
-1048452196
-1047772977
-1047028559
-1046264662
-1045263762
-1043288142
-1041428592
-1039249120
-1037257465
-1035440750
-1033853630
-1032274990
-1030329006
-1028444931
-1026628052
-1024850643
-1023273230
-1021671760
-1019927190
-1018728634
-1017383197
-1015965323
-1014493723
-1013216611
-1012011156
-1010812058
-1009602110
-1008454559
-1007289640
-1006029777
-1004892508
-1003961934
-1003029327
-1002120668
-1001160999
-1000161043
-999123477
-998001168
-996858590
-995794651
-994813242
-993795400
-992828250
-992020431
-991257953
-990402882
-989480830
-988542899
-987556510
-986722400
-985943180
-985181377
-984487960
-983766750
-983000999
-982281017
-981597529
-980955249
-980325790
-979822750
-979343948
-978914439
-978585720
-978316140
-978023540
-977744210
-977503126
-977256755
-976981320
-976702080
-976352123
-975897343
-975387305
-974861118
-974301200
-973771650
-973228090
-972627751
-972011446
-971498850
-970998070
-970481808
-969912810
-969402905
-968944010
-968595360
-968317680
-968064500
-967828330
-967553862
-967183230
-966849665
-966440018
-965933290
-965369372
-964668582
-963926180
-963198112
-962431765
-961715370
-961075220
-960428410
-959749931
-959084010
-958408723
-957700499
-957064534
-956431622
-955805880
-955175400
-954539570
-953901871
-953261390
-952554904
-951853460
-951121540
-950377604
-949573600
-948815430
-948156456
-947532064
-946914290
-946268281
-945658956
-944977091
-944369887
-943749571
-943124540
-942487367
-941926505
-941449030
-940929130
-940371318
-939760700
-939093549
-938455478
-937892282
-937360541
-936786183
-936179130
-935599584
-934943496
-934281430
-933670172
-933078955
-932582885
-932095140
-931625969
-931125818
-930555650
-929909710
-929295270
-928666520
-927963638
-927263070
-926522610
-925816180
-925090389
-924515704
-923790041
-923028610
-922214032
-921373001
-920638481
-919896660
-919172301
-918408507
-917600702
-916732766
-915862536
-915064170
-914200154
-913382704
-912510990
-911622782
-910767710
-909925680
-909012827
-908185935
-907483451
-906710182
-905984080
-905336010
-904703710
-904094879
-903552180
-903049170
-902543001
-902065470
-901661660
-901276398
-900987768
-900677090
-900337503
-899942750
-899537540
-899118582
-898683319
-898260425
-897827564
-897380485
-896955267
-896545628
-896200850
-895818027
-895335463
-894810672
-894337770
-893803726
-893237110
-892693162
-892214280
-891646634
-890985823
-890351290
-889657856
-888821380
-887928772
-887017557
-886080336
-885197487
-884245192
-883395021
-882721074
-882078310
-881488022
-880871920
-880285555
-879755148
-879267005
-878831160
-878309729
-877910740
-877621825
-877325000
-877106803
-876905560
-876700676
-876485680
-876196203
-875827912
-875356417
-874624250
-873895294
-873107930
-872326795
-871594910
-870736944
-869892160
-869100781
-868376780
-867703040
-867050030
-866303560
-865600921
-864874414
-864175910
-863486375
-862824835
-862311605
-861829646
-861341850
-860843928
-860296388
-859689620
-859093361
-858613828
-858246684
-857895168
-857537366
-857120987
-856765829
-856461727
-856137442
-855812440
-855434973
-854941439
-854376760
-853763997
-853140498
-852562241
-851989405
-851399090
-850790268
-850172110
-849525340
-848898420
-848322908
-847744560
-847238909
-846720879
-846289760
-845921940
-845612930
-845346559
-845104265
-844884258
-844678280
-844449695
-844196435
-843952550
-843703421
-843460595
-843158012
-842860070
-842563160
-842251112
-841924013
-841585954
-841261780
-840921001
-840580673
-840214390
-839828970
-839426450
-839011210
-838587950
-838162215
-837740272
-837338540
-836970018
-836639092
-836322057
-835962500
-835587180
-835205433
-834830478
-834464708
-834115391
-833790330
-833435044
-833060957
-832688395
-832311000
-831946160
-831571400
-831200700
-830851770
-830495147
-830105136
-829718940
-829329841
-828910571
-828494680
-828094500
-827695660
-827324772
-826954543
-826567782
-826209426
-825841084
-825471903
-825106010
-824740200
-824407105
-824080190
-823755250
-823410034
-823019120
-822580885
-822119356
-821662351
-821196353
-820726214
-820299532
-819913668
-819542195
-819180105
-818779040
-818395873
-818012883
-817632810
-817259220
-816916386
-816563320
-816199654
-815851095
-815519519
-815202488
-814855916
-814512070
-814151946
-813794840
-813433739
-813059010
-812694336
-812358134
-812005747
-811643119
-811241860
-810828630
-810438676
-810073867
-809688125
-809303649
-808928400
-808597930
-808283992
-807950084
-807606600
-807318017
-807048762
-806745453
-806407204
-806069805
-805719900
-805363737
-805018147
-804697091
-804425159
-804148534
-803862011
-803561399
-803259077
-802980350
-802703142
-802444566
-802203393
-801957779
-801683113
-801428480
-801180513
-800921251
-800649656
-800364431
-800082302
-799782140
-799452383
-799134820
-798823008
-798492453
-798159635
-797810152
-797440267
-797075180
-796714424
-796373080
-795986385
-795575510
-795168844
-794788710
-794463380
-794120100
-793796300
-793441610
-793058240
-792645034
-792245033
-791816974
-791363616
-790931350
-790562837
-790194640
-789785210
-789367961
-788978565
-788601377
-788195718
-787752660
-787336600
-786965430
-786624463
-786333803
-786042082
-785702461
-785347030
-784944044
-784531471
-784042043
-783522440
-782979550
-782410540
-781873339
-781333156
-780768780
-780199825
-779640593
-779096850
-778631311
-778136118
-777635943
-777049854
-776463490
-775922660
-775414420
-774949754
-774559469
-774139961
-773701860
-773290119
-772846272
-772367091
-771902152
-771482130
-771070570
-770738309
-770450923
-770202390
-769946952
-769694707
-769364910
-769005600
-768618570
-768240351
-767913879
-767598614
-767289174
-767012360
-766749581
-766503531
-766300532
-766079397
-765879346
-765676987
-765461240
-765252876
-765046666
-764823673
-764576290
-764340475
-764078050
-763741769
-763342397
-762969820
-762645940
-762356544
-762021895
-761632313
-761235269
-760821906
-760418142
-760003330
-759643509
-759216880
-758758940
-758326527
-757849470
-757451570
-757115670
-756792130
-756404760
-756016115
-755601258
-755121650
-754678447
-754126810
-753488806
-752836767
-752235391
-751725111
-751214710
-750686301
-750088106
-749505510
-748907612
-748312670
-747726046
-747102700
-746491850
-745870100
-745226920
-744597306
-744001670
-743420277
-742842225
-742323643
-741962136
-741623264
-741322100
-741012114
-740695080
-740312710
-739998308
-739740610
-739499031
-739263667
-739019924
-738752667
-738499640
-738223754
-737961957
-737697280
-737443741
-737075008
-736514307
-736029812
-735551835
-734910630
-734291862
-733856934
-733464488
-733100357
-732708113
-732386360
-732028947
-731636318
-731236033
-730913324
-730582412
-730215508
-729805367
-729380335
-728977048
-728521801
-728001476
-727534698
-727077464
-726719740
-726357878
-726043705
-725735870
-725404522
-725051518
-724627820
-724136867
-723678170
-723319957
-722905470
-722540774
-722171722
-721656924
-721039734
-720449755
-719887098
-719356119
-718825910
-718389055
-717993450
-717614378
-717187607
-716752374
-716345823
-715987843
-715631084
-715312770
-715019125
-714725822
-714471950
-714210416
-713933447
-713638003
-713399087
-713168771
-712903302
-712616620
-712344347
-712095501
-711845345
-711621545
-711416715
-711198763
-710961642
-710726322
-710494284
-710243613
-709983129
-709701717
-709430860
-709204120
-708911204
-708591253
-708240795
-707851221
-707426440
-706991955
-706556609
-706134592
-705680639
-705074416
-704310775
-703388203
-702606583
-701878531
-701035232
-700276240
-699644890
-698564678
-696992031
-695260783
-693317112
-691614110
-689886706
-688633587
-687304542
-685806308
-684200376
-682717912
-681313501
-679922810
-678410350
-677046524
-675797438
-674741546
-673494711
-672190856
-671069344
-669901257
-668909065
-667945897
-666848860
-665710689
-664479900
-663368665
-662317650
-661675438
-661210026
-660795111
-660402519
-659754083
-658847782
-657937293
-656988279
-656053089
-655063452
-654169024
-653279521
-652503998
-651710000
-650816553
-650000000
-649244692
-648484880
-647684055
-646880795
-645984161
-645021401
-644110444
-643172017
-642224440
-641120697
-639899684
-638771028
-637694539
-636754097
-635955035
-635173324
-634284681
-633298246
-632379501
-631503350
-630624421
-629630373
-628434152
-627229867
-626042875
-624682264
-623168271
-621669316
-620142687
-618340521
-617169371
-616011346
-615046010
-614255305
-613331560
-611972497
-610845734
-610168074
-609367730
-608391187
-606768798
-604885435
-602784788
-600521510
-598119119
-595101540
-592403237
-590145351
-588266739
-586548975
-585078168
-583910222
-582339208
-581035377
-579367706
-577633979
-576041991
-574715983
-573304678
-571749949
-570359655
-568764455
-567149634
-565514255
-564120483
-562702854
-561479220
-560218600
-558863999
-557314172
-555655023
-553642311
-551672948
-549625635
-547811487
-546308966
-544797740
-542651978
-540444971
-538862384
-537792589
-536420878
-534474534
-532340669
-530996339
-528691195
-525391953
-522108590
-518482901
-514514257
-512282021
-511986950
-511725102
-511477628
-511210885
-510413763
-506006798
-502531085
-499475751
-497039489
-495580482
-493739724
-492368536
-491344452
-490531155
-488914618
-487010441
-484777031
-482377580
-479132518
-475638623
-470799583
-467869320
-466642745
-466263327
-465772022
-463705687
-458896673
-453323530
-447718157
-441694249
-437413452
-433931319
-431834016
-428393523
-423763186
-418311890
-411234498
-405383656
-403153329
-399719290
-389329347
-382178007
-371846793
-361698220
-351974326
-287002541
-240436958
-219521496
-209810758
-179600818
-172382110
-168068747
-166143639
-164020081
-160216713
-156735355
-155098030
-147876410
-140349645
-136396962
-132516262
-130865057
-127928926
-125315594
-123148348
-121149005
-119157485
-115139318
-112103680
-109573141
-107329406
-105753744
-103325874
-100762265
-98733723
-96985211
-95494085
-94469287
-93437402
-92692272
-91981752
-91480734
-90928594
-90262233
-89689280
-89086611
-88527209
-88057097
-87552006
-87090566
-86640810
-86258570
-85861937
-85453138
-85065179
-84682416
-84278495
-83942252
-83522176
-83061179
-82590443
-82061779
-81572743
-81081010
-80561971
-79998226
-79510158
-79051825
-78500248
-77931368
-77361233
-76764610
-76150347
-75508789
-74847295
-74133949
-73459993
-72736708
-71890496
-71015010
-70084467
-69231277
-68222578
-67377339
-66529351
-65693039
-64932027
-64172276
-63563782
-62942704
-62397376
-61788220
-61119867
-60367228
-59606961
-58882198
-58093441
-57285488
-56736521
-56288168
-55612319
-54868683
-54188592
-53258639
-52365034
-51391389
-50537284
-49753596
-48770122
-47798563
-47177885
-46606115
-46022440
-45453726
-45001142
-44568256
-44114669
-43635061
-43219990
-42832424
-42475498
-42137649
-41799649
-41446900
-41117068
-40843671
-40567180
-40300201
-40050031
-39778235
-39456425
-39134673
-38779629
-38430921
-38146122
-37814913
-37472606
-37153137
-36925995
-36645644
-36339652
-36029920
-35749823
-35464597
-35199408
-34896682
-34588082
-34261681
-33920048
-33593250
-33250317
-32896312
-32575548
-32306503
-32066833
-31839642
-31601890
-31352740
-31107311
-30850691
-30603162
-30371197
-30132594
-29934293
-29703380
-29444416
-29151176
-28840760
-28485898
-28184182
-27879061
-27624110
-27385292
-27146704
-26856214
-26552342
-26247952
-25960625
-25665945
-25358385
-25084427
-24815336
-24567929
-24334697
-24109298
-23843917
-23577705
-23321110
-23055906
-22804133
-22552104
-22332208
-22125948
-21912932
-21708250
-21534220
-21344344
-21167372
-20996270
-20820590
-20650752
-20483973
-20307182
-20137120
-19986801
-19825706
-19654234
-19482759
-19323480
-19154280
-18980595
-18813149
-18647879
-18485374
-18320208
-18154494
-17996170
-17832922
-17661110
-17488020
-17309043
-17115246
-16940183
-16783455
-16625220
-16471210
-16313970
-16159230
-16017392
-15885791
-15762440
-15639305
-15512760
-15389977
-15272406
-15155582
-15039449
-14924839
-14804724
-14669597
-14533310
-14396539
-14270420
-14116789
-13957500
-13793630
-13628416
-13452591
-13279668
-13108770
-12949359
-12781140
-12609471
-12447053
-12287887
-12123770
-11966259
-11804933
-11649204
-11505980
-11372525
-11223497
-11077070
-10918686
-10777135
-10636720
-10491030
-10323345
-10136930
-9945270
-9762795
-9574092
-9387370
-9195090
-9001020
-8828500
-8638596
-8440732
-8237426
-8032750
-7847617
-7676947
-7498806
-7321298
-7133226
-6966440
-6795120
-6634476
-6478621
-6337281
-6197830
-6076510
-5959070
-5839430
-5714207
-5584780
-5449560
-5308903
-5166595
-5031186
-4893520
-4757230
-4613353
-4463540
-4313800
-4173729
-4040134
-3894529
-3755455
-3615597
-3485731
-3352559
-3219311
-3078670
-2931363
-2766873
-2614517
-2458895
-2305230
-2152607
-2008660
-1859515
-1702061
-1556301
-1396003
-1224744
-1062324
-903470
-750924
-603345
-439860
-280405
-120658
54444
250466
435930
619841
779737
925995
1073217
1225182
1386070
1543149
1689255
1842702
2008145
2178881
2361618
2559331
2765090
2992660
3200053
3394745
3583602
3759610
3955010
4155845
4406674
4630808
4834366
5048809
5277816
5480789
5678672
5873427
6058046
6261596
6456200
6638565
6826102
7000110
7163894
7331876
7508990
7721230
7953561
8162538
8386229
8628520
8852455
9069826
9272433
9499997
9734260
9950870
10168891
10377900
10574707
10749914
10908459
11079250
11261325
11428029
11584250
11746420
11930150
12103043
12269027
12415223
12578790
12755200
12941507
13121360
13285376
13445139
13624626
13787159
13946548
14125230
14296114
14453830
14614820
14782644
14948265
15128460
15316502
15520078
15733599
15927254
16111362
16277510
16484056
16714870
16929714
17145820
17353760
17591585
17820398
18067266
18270900
18461210
18672505
18852182
19036288
19228820
19424500
19636581
19832452
20015026
20199488
20366680
20525144
20697240
20847729
21006657
21161299
21301368
21450141
21596274
21738130
21877304
22016208
22147036
22277644
22400754
22518530
22630188
22743721
22859620
22969805
23083336
23194339
23297822
23408585
23519419
23622125
23728504
23835341
23955696
24072719
24184080
24297143
24408547
24527395
24651412
24768654
24892674
25013680
25136229
25269055
25394400
25527841
25674520
25820607
25968989
26103900
26244444
26391218
26552613
26723200
26907360
27073010
27241620
27403197
27562643
27723633
27876989
28039240
28188818
28340190
28501005
28686860
28840902
29002910
29176769
29354473
29522450
29688488
29863758
30019860
30172672
30315825
30461510
30601780
30739539
30865500
31001260
31136074
31278149
31417368
31567303
31706540
31869531
32017723
32165819
32324863
32491620
32680447
32866127
33047230
33253675
33452416
33683579
33903114
34123330
34338490
34560550
34780654
34989400
35191524
35398890
35608500
35845471
36067414
36305324
36587700
36840945
37077526
37311310
37563826
37826380
38076980
38314230
38522081
38726587
38931857
39101134
39278910
39495005
39703710
39906779
40089840
40269997
40436474
40596797
40749340
40899854
41056458
41241840
41431258
41625756
41810771
42024470
42217261
42395627
42574566
42727530
42857429
42988050
43116584
43226171
43333796
43437267
43539122
43638712
43734699
43841142
43945801
44058184
44191259
44322495
44438194
44560410
44675585
44783064
44902268
45012657
45140690
45279879
45412376
45546111
45677136
45812542
45927498
46044956
46153569
46252105
46343295
46426174
46508465
46586499
46667042
46757501
46847029
46936138
47026721
47111418
47203427
47301676
47400130
47478621
47554163
47633576
47716036
47799372
47882925
47963465
48037640
48109623
48187160
48261840
48333539
48408850
48485958
48563442
48638468
48713600
48792020
48877585
48964190
49051256
49147888
49251552
49356632
49450818
49540310
49639194
49748918
49852220
49957068
50057552
50166144
50270450
50367234
50454135
50539398
50632380
50725023
50816994
50907168
50999781
51106352
51217165
51327597
51427352
51533916
51647990
51751460
51845157
51953168
52071522
52176040
52276955
52379993
52487203
52593405
52704768
52821470
52928456
53040529
53157361
53275802
53390282
53506135
53614282
53710280
53803615
53900619
53997002
54088530
54181718
54277214
54370575
54467563
54566593
54661542
54760432
54862763
54961754
55069824
55188994
55312262
55427139
55535623
55649912
55754922
55868403
55986326
56094740
56200673
56302437
56404569
56513767
56625410
56731229
56836167
56943962
57049180
57149108
57252660
57348454
57448845
57557520
57664860
57769377
57863326
57963483
58067385
58162996
58261139
58361612
58459911
58557890
58653515
58750342
58839140
58928079
59019792
59115371
59207721
59298762
59384805
59471489
59559240
59648100
59730018
59812080
59897253
59979135
60062049
60149618
60244830
60340262
60428563
60514733
60600250
60685485
60763414
60847150
60930094
61007292
61084408
61161859
61243470
61322855
61398217
61470400
61546340
61625600
61705976
61793787
61885379
61977890
62073240
62172537
62275668
62383227
62497390
62611074
62719555
62827568
62944229
63066110
63190744
63324982
63450115
63571082
63696644
63816458
63942503
64075900
64194005
64310265
64429790
64536037
64639136
64753070
64864137
64975846
65082184
65194129
65306477
65416430
65527324
65617888
65707515
65793507
65885113
65979539
66075762
66168629
66260379
66344980
66430660
66524580
66625927
66726180
66827337
66930523
67038920
67146747
67249791
67356179
67459110
67560556
67658517
67754256
67849824
67949863
68054935
68158572
68266721
68367798
68465316
68556046
68639565
68728787
68823319
68917112
69005221
69095390
69185718
69273664
69364796
69456047
69547684
69638992
69738494
69835064
69933148
70021671
70101461
70187123
70277141
70371227
70455622
70539400
70635245
70734920
70831202
70928654
71020490
71108493
71201755
71298806
71405175
71501620
71594634
71692716
71789341
71883427
71983746
72087156
72184022
72281797
72381658
72491815
72600030
72710530
72818604
72930441
73036678
73139683
73240602
73341778
73446460
73566039
73685367
73798002
73922769
74047159
74177645
74309545
74437115
74554202
74662648
74774989
74887305
75009033
75135388
75258657
75374314
75500000
75619572
75732598
75855133
75962787
76076091
76180148
76277546
76388283
76493752
76597722
76708618
76824893
76944142
77064528
77178260
77296051
77416693
77534168
77649581
77758790
77870727
77996341
78121684
78242972
78370542
78496526
78616998
78743790
78868866
79001174
79128578
79273165
79424512
79551821
79675075
79800206
79924323
80050979
80181627
80307701
80433240
80564008
80700085
80838180
80980663
81116678
81253769
81392415
81535078
81672944
81812939
81949013
82077505
82212562
82359523
82494570
82638967
82783877
82923032
83065173
83200244
83335495
83462098
83588347
83711865
83839375
83964514
84081724
84198180
84316772
84438467
84551018
84660523
84768722
84877799
84984444
85094104
85202173
85306278
85400170
85499344
85600151
85694762
85789746
85888902
85985765
86079111
86172283
86267170
86357966
86447193
86536398
86627502
86714870
86802562
86893168
86984365
87074567
87170874
87266858
87365145
87458315
87547908
87640048
87731347
87823566
87917715
88011049
88108918
88209957
88311173
88412590
88508830
88603597
88708844
88820514
88928693
89033461
89134574
89235767
89341505
89446579
89555482
89663077
89767277
89873208
89984490
90085759
90183979
90298689
90421793
90540153
90648576
90761792
90875349
90986965
91087465
91185510
91280456
91374831
91465294
91554053
91649480
91741101
91826986
91909852
91994186
92081546
92170154
92260197
92348128
92445441
92539534
92632621
92724038
92815298
92911834
93009836
93109802
93209250
93307793
93416055
93528628
93639900
93749848
93856753
93965209
94066844
94180008
94293087
94401585
94505551
94618841
94723229
94826329
94933575
95042596
95161812
95277950
95397752
95522160
95646447
95763102
95880955
96002232
96118944
96238440
96356440
96464510
96565217
96659101
96759653
96866140
96969338
97061591
97160358
97259021
97347722
97434974
97528784
97622884
97721033
97841660
97959391
98088518
98233174
98373402
98515789
98660874
98798961
98933729
99070985
99198577
99323651
99440210
99563162
99686455
99815007
99942967
100075358
100205567
100339472
100483946
100626728
100757460
100886670
101017291
101145727
101276933
101414785
101555170
101689401
101816262
101948786
102081364
102209554
102334756
102462903
102592619
102731740
102879859
103020254
103153590
103283765
103413130
103550891
103683675
103823370
103964366
104090137
104206528
104327676
104452415
104583830
104717944
104852808
104992710
105127832
105266454
105401658
105545648
105681568
105823266
105957617
106091848
106225311
106359551
106494646
106636130
106771440
106899817
107024708
107153377
107276156
107397747
107523408
107655917
107786557
107905703
108028771
108156605
108284029
108416331
108541256
108659506
108781721
108891583
109005378
109118275
109233452
109350713
109469617
109590097
109709111
109831156
109944687
110053775
110166902
110278652
110389038
110504130
110627366
110750808
110876003
111004527
111137855
111263202
111384200
111512734
111645926
111779055
111905936
112038304
112173520
112297235
112423612
112549833
112675913
112802466
112923856
113048343
113180798
113305653
113424589
113545014
113662293
113782291
113914874
114047881
114175714
114304755
114425574
114544694
114653621
114759251
114863018
114960777
115059054
115155064
115248069
115336160
115428995
115525681
115623268
115730561
115846523
115961231
116073111
116189316
116309271
116433461
116558360
116682960
116812988
116953571
117094626
117230402
117369259
117497692
117622143
117756046
117889453
118022255
118164907
118305123
118441962
118572368
118688652
118801665
118916216
119024974
119136548
119260829
119381779
119501909
119624983
119748066
119876925
120012106
120150005
120285977
120407499
120525008
120644021
120763386
120879841
121001614
121122919
121247238
121375639
121503905
121632565
121753238
121874746
122005859
122137866
122259134
122378787
122494538
122619485
122750714
122872985
122991782
123115298
123243001
123360430
123474721
123594771
123722894
123847042
123977053
124113590
124253621
124397297
124544663
124684013
124820910
124953420
125098869
125244035
125391002
125549593
125704101
125857660
126015698
126174276
126344583
126507417
126678614
126854682
127024087
127209433
127397402
127578310
127757155
127946171
128123047
128297613
128458033
128630170
128800359
128968822
129142763
129313578
129492072
129667768
129827413
129981823
130137725
130296394
130450963
130593458
130733565
130871630
131017326
131168371
131314951
131459896
131616048
131767941
131906746
132042345
132183550
132312740
132456010
132604922
132748058
132883050
133012982
133133734
133255093
133376155
133498518
133636636
133774839
133905449
134029168
134156272
134281963
134406620
134543295
134687896
134828772
134965244
135101138
135236055
135371100
135510026
135649352
135791085
135939619
136082298
136216904
136351764
136490052
136634666
136781124
136931572
137070234
137206504
137335979
137465201
137592384
137714950
137832304
137951943
138080942
138217096
138343972
138475618
138612343
138747117
138883799
139021646
139158059
139297510
139435805
139577012
139727506
139884846
140034245
140176793
140319565
140463881
140611150
140750228
140891117
141041838
141189171
141334864
141481835
141632340
141779277
141925545
142069735
142210181
142346296
142481861
142614902
142753631
142880678
143002288
143121221
143240521
143350938
143481920
143612230
143746332
143889076
144024644
144152367
144278802
144415159
144544091
144672428
144792273
144911372
145030117
145152364
145285604
145415930
145542480
145675987
145823753
145981802
146140312
146291576
146439845
146589004
146736317
146890998
147046319
147200105
147367632
147542770
147721488
147903377
148074536
148245373
148408475
148572509
148744343
148916436
149078351
149257498
149436167
149596844
149761628
149932725
150103350
150258637
150401816
150551489
150693674
150828615
150969151
151127485
151288977
151453844
151619157
151784494
151948820
152108575
152256829
152396796
152544706
152694194
152836354
152979890
153150606
153322377
153491821
153664727
153838032
153983802
154123639
154264538
154411689
154571824
154735397
154890884
155047058
155207313
155367006
155512868
155651938
155792190
155929489
156072666
156230055
156390020
156535426
156687975
156858507
157037818
157225789
157421606
157626210
157814632
157992103
158159963
158353571
158557881
158747879
158928150
159104759
159287910
159474231
159656301
159833463
160009403
160189706
160380809
160557666
160715411
160868973
161040563
161237724
161439733
161610765
161777115
161955144
162130351
162299680
162466604
162631279
162792411
162940511
163090473
163235546
163390577
163549606
163714622
163871270
164029610
164196693
164364290
164536696
164709075
164876498
165048328
165223043
165388214
165559405
165742602
165915856
166093212
166283484
166464792
166660713
166866602
167075607
167293993
167502947
167705500
167931755
168174322
168405860
168611211
168791951
168988421
169187844
169374203
169586236
169789132
169979943
170154265
170305685
170471037
170649848
170836294
171022364
171186397
171363930
171590765
171797451
172020085
172234389
172446515
172660093
172875400
173102308
173335665
173558094
173787471
174024410
174289911
174516152
174733792
174974832
175233983
175503166
175747328
175973552
176209332
176441252
176678955
176926326
177169649
177395611
177651562
177916447
178148498
178373348
178641276
178886556
179112993
179327163
179529316
179710223
179902356
180080928
180269919
180447638
180613133
180792032
180957306
181142393
181327215
181503156
181668642
181845401
182026970
182208705
182407129
182597134
182793598
182985908
183177503
183371808
183554563
183731408
183913500
184106069
184299744
184513673
184730251
184953199
185173626
185348679
185513902
185707857
185924970
186134711
186334676
186536248
186730354
186951426
187191277
187451041
187699840
187945931
188209751
188481069
188748332
188998400
189213746
189424273
189651242
189887402
190118623
190327190
190531509
190741905
190963175
191186540
191411870
191655462
191950788
192262272
192591514
192914591
193261315
193594623
193921100
194189484
194440058
194702128
194993114
195318385
195667405
196009810
196367872
196718994
197083883
197487915
197863147
198183638
198468037
198803300
199113537
199370050
199610375
199912585
200227062
200568450
200912601
201254855
201591717
201953231
202338114
202730202
203018509
203415432
203791238
204127547
204428798
204750863
205048464
205391334
205782426
206156195
206489724
206848220
207222127
207643007
208066516
208467713
208813154
209128955
209438144
209730909
210023238
210310659
210627562
210952822
211270945
211579935
211861501
212177204
212463384
212759985
213129271
213511152
213908285
214262557
214602426
214948067
215323841
215660634
215967980
216284660
216618636
216951474
217270271
217578986
217912627
218233699
218535791
218868851
219182578
219502004
219796892
220076087
220397544
220734222
221093394
221445200
221754833
222074002
222357699
222628564
222906500
223191656
223493923
223782206
224076257
224389182
224699653
225007071
225302864
225611576
225902017
226240932
226585056
226912614
227224716
227554105
227886426
228249412
228636420
229006191
229354060
229681136
230031181
230370557
230733537
231099818
231427962
231815945
232173997
232553813
232896663
233243330
233558388
233887678
234213751
234554263
234873500
235176108
235473956
235804171
236111582
236449168
236763267
237063158
237344706
237643183
237940471
238229209
238516147
238841399
239201862
239592333
239975631
240368661
240769610
241210613
241611572
241994941
242456917
242941310
243425121
243846140
244248209
244659090
245112787
245524030
245939186
246376867
246748043
247091661
247394280
247723630
248105421
248488420
248843376
249241033
249578214
249967621
250347510
250723404
251099423
251483545
251894170
252376179
252777634
253131037
253477708
253833841
254273744
254719958
255130297
255466880
255754613
255992145
256291785
256681310
257149531
257598411
258060994
258500541
258907339
259269323
259576087
259929462
260304443
260718550
261083899
261497408
261962543
262450032
262985600
263534961
264130669
264702907
265284519
265921997
266512550
267058152
267465930
267976211
268473887
268984700
269440810
269950294
270402017
270809113
271243671
271709937
272121961
272465297
272838570
273219520
273580973
273914853
274228831
274491893
274696593
274912505
275104059
275287620
275501214
275758371
276046580
276324882
276607029
276884938
277168207
277455320
277715601
277994950
278262736
278530683
278801683
279084005
279376014
279674059
279970341
280270176
280569939
280858822
281173838
281483525
281787301
282100792
282386169
282695910
283080286
283458445
283844305
284207343
284581754
284933241
285289304
285675905
286060930
286373068
286678923
287018991
287368850
287668400
287990279
288304087
288598907
288874094
289229550
289592711
289974242
290326337
290628529
290919545
291276382
291591684
291923921
292243440
292600105
293129404
293682899
294167900
294701715
295226160
295800006
296287670
296756651
297254078
297764198
298218094
298771717
299286486
299755368
300147538
300584109
300967159
301370769
301792341
302208553
302533165
302826829
303125830
303410887
303713369
304038054
304403782
304778837
305173503
305619116
306141422
306677715
307206317
307724287
308243030
308788981
309265625
309694310
310089269
310563547
311116211
311588300
312027759
312533634
313079889
313556115
314056991
314602786
315137750
315518228
315776709
316069113
316522058
316962048
317488315
317968549
318526409
319073785
319655319
320257462
320789234
321693204
322609765
323105000
323813820
324543472
325167902
325614522
325936763
326252737
326780186
327241648
327720597
328184157
328566931
328859999
329121258
329466362
329880741
330299113
330765745
331221655
331783372
332250215
332681680
333042049
333435038
333772717
334134233
334456639
334762561
335073723
335473463
335930585
336350152
336801090
337239891
337590948
337918705
338223214
338595301
339023104
339527051
339998907
340307302
340659145
340979682
341318633
341659812
342002467
342359933
342675962
342934032
343174625
343415960
343646825
343900553
344170314
344435753
344679613
344915750
345211297
345527229
345835073
346106984
346374230
346714346
347049395
347436389
347773025
348077747
348412244
348699434
348993994
349346159
349687423
349963779
350205295
350493516
350820000
351224755
351579439
351924657
352234010
352546606
352952607
353414696
353862598
354386293
354890738
355352756
355861224
356358706
356954917
357499592
358011290
358537554
359061609
359633534
360217720
360796006
361334421
361758715
362218153
362687631
363213827
363944159
364704318
365540695
366271808
367125607
367919157
368660924
369369946
370066979
370846988
371534094
372208632
372883027
373415067
373960302
374522850
374973646
375349310
375752293
376148381
376567880
377063535
377587586
378094913
378634859
379227918
379756808
380309897
380871166
381350869
381854477
382407831
382882227
383346905
383780565
384236873
384663978
384991093
385494461
386051163
386608665
387168911
387677320
388222062
388727690
389220805
389703382
390200313
390741772
391266225
391692461
391997852
392252861
392419003
392618651
392882305
393426803
394072112
394718897
395274351
395799310
396343610
396819638
397215136
397621969
398061087
398586642
399116334
399655544
400328440
400959752
401500026
402087815
402689159
403239448
403811281
404424508
405096738
405662255
406279220
407080175
407778785
408513528
409337057
410123518
411013676
411870425
413102800
414264417
415131131
416130234
417046688
417960990
419002345
419800560
420582777
421295089
422226526
423565131
425043664
426377073
427608313
428842011
430130310
431168800
432198466
433150272
434001320
434922625
436122466
436982794
438031387
438773347
439510859
440064293
440921432
442255271
443379043
444312824
445100189
446023833
446960752
447977077
449070073
450077843
451165149
452101681
453300609
454738485
456378352
457714401
459199657
460599949
461976177
463295534
464728520
466142283
467411821
468860434
470234990
471319859
472664098
473979983
475115229
476402180
477612070
478635990
479525983
480408895
481324511
482614577
483416519
484265630
485360518
486641069
487992894
489230857
490651414
491824104
493004367
494786570
496141131
497201589
498729374
500058771
501473229
503209096
505970362
508345405
510586086
513150625
514875044
517177400
520066330
522281990
524105439
526172647
528350486
530757452
532818031
535641281
538855958
541522633
543999131
546290100
549008733
551347843
552860917
553577933
554458058
555035272
555913213
556931862
558660360
560311149
562344071
564268769
566941715
569400385
572015074
574835560
576872356
579991038
583482878
586020871
589810953
592757139
595740882
598074997
600867444
603695986
605889520
607545573
610501951
613495581
615539977
618223340
620907946
624145952
630446939
636705264
643630380
649809798
654171189
656627674
660832111
665875315
669998234
674745058
678618921
683098878
687017125
688967367
690666373
691903823
693352121
695339805
697264509
699480339
701359864
703538557
704964897
706275883
708576402
711378592
713659822
715383109
717928076
720654387
723238657
725282401
727032824
728398223
729229788
730016529
730813256
731639898
732833147
733863924
734695481
735746246
736885536
737755812
738416310
739284649
740762572
742730884
744314438
745477723
746336484
747715477
749091382
750961629
753164721
755290418
757118616
758512402
760049221
761980161
763774547
765580787
766844228
768265232
769204480
770044260
770618619
771212917
772048340
772916225
773610760
774244956
774856836
775375962
775809937
776262771
777101825
778669592
780251564
781940056
783492355
784159555
784748905
785208393
785717202
787176001
789332051
791475523
793956386
795754924
797598831
798939235
799502129
799985001
800877839
801701395
802240428
803013853
804562121
806012316
806899070
809051923
811032120
813071014
815016413
816214896
817282315
818538634
820941659
822992384
825147076
827000412
829144273
830780215
832376283
833757705
835053701
836107669
837288082
838796978
839866451
840755550
842054135
843309151
844362577
845544611
846886109
848600393
849724244
850635336
851616457
852742058
853314865
853953639
855068101
856141380
857328114
858476079
859475576
860793397
861847193
863335319
865574942
867827046
871764464
875240948
879822512
883125014
883638706
883971078
884738344
891451586
895631440
898767963
903668607
905504640
911889183
916179127
919521204
925598728
929337188
934082332
940541592
946291654
951459848
955762318
960215073
961786280
965184619
968924335
974345487
979926154
983924761
986590835
989360354
991532062
995078976
997636013
999903871
1002071728
1003600861
1004300974
1005650903
1007463455
1010114353
1012696077
1015536332
1017464480
1020349050
1022766546
1025635721
1027946500
1030596558
1033291746
1036112827
1037664819
1038634504
1039910752
1042283271
1045154694
1048057002
1050684770
1053898174
1056858848
1059871566
1063312425
1065751750
1067317560
1067938785
1068269792
1068848301
1069617083
1071675431
1074745544
1076851054
1079814477
1083078484
1087607866
1090589358
1094541042
1100505455
1103030539
1103733046
1104147342
1104550994
1106341618
1111210816
1115850390
1120044136
1121641906
1122404354
1123704227
1125499570
1126830554
1127331814
1127668660
1128902770
1131553603
1133438722
1135517698
1138580886
1140410886
1141810077
1143655796
1148065932
1151461256
1155157726
1157826649
1159228648
1160494592
1161278378
1162332916
1163636727
1165315846
1168356807
1171046015
1173550612
1177385060
1181169059
1184153143
1186880831
1189289100
1192684628
1194210854
1194777131
1195700587
1196794498
1198091107
1198973445
1199787832
1200683381
1201765709
1202444594
1203035340
1203729320
1204397411
1204857240
1205349259
1205778377
1206140148
1206595224
1207191042
1207805750
1208514002
1208933730
1209283167
1209569080
1209785394
1210034452
1210333286
1210578990
1210828495
1211242400
1211689335
1212302877
1213173858
1214268445
1215238069
1216225774
1218159865
1220550675
1224487209
1227035984
1229859743
1232284388
1235422097
1237654778
1239988846
1243089294
1244529532
1245717015
1246735343
1247837061
1248514423
1249410459
1250375126
1252749021
1254641538
1256213328
1258257277
1260220156
1262833291
1265534486
1267269516
1268840608
1270110312
1271251990
1272913467
1274281496
1275958932
1277946586
1280224722
1282398600
1285348423
1287421010
1290169714
1293262580
1296550350
1298174660
1299966140
1301728607
1302997399
1304200011
1305069640
1305859900
1306621560
1307280802
1307897440
1308594137
1309301640
1310062823
1310970300
1312061189
1313219790
1314260072
1315054803
1316506460
1318442820
1319732790
1321336633
1323352320
1324545501
1325214371
1326298900
1327348487
1328051271
1328867633
1329827820
1330882480
1331987760
1333181879
1334589101
1336095670
1337518895
1338477410
1339525366
1340793372
1341906329
1342455889
1343450711
1345175810
1345948721
1347891559
1349777230
1351275000
1352602703
1353977890
1354701917
1355096117
1355528870
1356041788
1356888920
1357483950
1358121770
1359251760
1360612690
1361805749
1362840230
1364439500
1365788120
1366953427
1367749860
1368271354
1368642962
1369016330
1369631970
1370421850
1371489869
1372579826
1373688700
1374947857
1376394332
1377652630
1378896889
1379808150
1380533727
1381559050
1382710380
1383564640
1383967310
1384418381
1384835720
1385278840
1385979477
1386745060
1387612900
1388300465
1388913701
1389570470
1390250003
1390933740
1391933980
1392869126
1393697625
1394286565
1394785639
1395242869
1395705560
1396053110
1396281277
1396516219
1396821160
1397147766
1397461988
1397876160
1398392680
1398893543
1399224109
1399588038
1400087362
1400600430
1401028889
1401421502
1401844270
1402279116
1402771360
1403249353
1403694858
1404142310
1404578085
1404997052
1405555489
1406095418
1406790520
1407507040
1408260890
1408861470
1409359330
1409923553
1410656690
1411633535
1412488174
1413009549
1413440268
1413862865
1414421270
1415210976
1416470020
1417800687
1419079144
1420402744
1421842966
1423468503
1425074645
1426764408
1428361601
1430223560
1431891155
1433743070
1435846406
1438298266
1440339590
1442803500
1443645840
1445408779
1447442259
1449321274
1450743734
1451971194
1453796014
1455995988
1457664509
1460054277
1462046022
1463779389
1465232689
1468702354
1472228659
1475977631
1481347513
1486862935
1490982882
1494446613
1499310240
1504506530
1508216125
1510345387
1512727901
1517363713
1522759442
1527618930
1530149971
1532267058
1551208859
1581845856
1600303910
1618772135
1646430813
1664713402
1671098393
1677589624
1682875144
1688914752
1693985985
1699703745
1705369107
1711629381
1718653727
1724586054
1727111245
1730647985
1734634728
1738363617
1741082778
1744656680
1746456540
1747349539
1747872066
1748846130
1750475690
1752543751
1754642319
1756546904
1758338765
1760679409
1762886237
1766230810
1769224588
1775143612
1782003843
1800000000

