[pgcg-header]
dim=10
srccount-lat=3950179565
srccount-lon=3950179565
gridcount-lat=1024
gridcount-lon=1024

[pgcg-lat]
-652622045
-492357724
-454974825
-437504820
-424823105
-415220448
-409616573
-396153517
-386485900
-381048520
-377273139
-371623240
-367081582
-357404193
-349809260
-345405268
-340509743
-337301667
-332987650
-327564515
-318780311
-309402539
-302170342
-300525007
-299183524
-297182405
-295708956
-293522043
-291387674
-288157783
-281260310
-274854891
-270132900
-265068789
-261237795
-257083079
-253031997
-245674200
-238767670
-235594127
-232781523
-228135125
-223099690
-217918207
-212894454
-210399675
-207847502
-205122993
-202866920
-200817495
-197984683
-194625222
-192001521
-190020497
-188247820
-185657035
-182991563
-180102384
-178128873
-175817813
-173094902
-169694225
-166544347
-163499327
-160763413
-157738516
-153923500
-146973112
-140163880
-133134517
-124551440
-116719725
-107577069
-97616472
-91648712
-86144177
-82643394
-78823973
-76381725
-72734116
-69913730
-67975929
-64241868
-62488581
-61248076
-55170035
-50829229
-44810274
-39927817
-35295079
-30878190
-26314530
-21321236
-18061364
-15933914
-13675402
-11928563
-9373042
-4876882
1247488
7773846
14101376
24161569
31934308
37740846
39993436
42186400
46176443
48927889
52328993
54636696
57761253
61319328
63321639
65731615
69029942
70677987
72747774
76156367
78703262
81802547
84470507
86539332
88855053
90503177
92214710
94422938
97178800
99997256
102707913
104587411
106329138
108304916
109976570
111886353
114285848
117270204
120099757
122182729
124522389
127305684
129650216
131124343
134146623
136825849
139031001
140898227
143120135
144596394
146024889
147444041
149572576
153119748
156032911
159667059
162927620
166198258
170447020
173904695
176155277
180375904
182599328
184075835
185279362
187698204
191199848
194323319
198106329
203219383
208021434
212972660
218987197
223446281
225865000
227950291
230939537
233647906
237591734
241559614
245996686
249707580
252597639
257016290
260932030
264833234
267652237
270312522
273193928
275176034
276666090
277710589
279044569
280298602
281549700
283165212
284495990
285906078
287733799
290788866
292835031
294599586
296354420
297804818
299388791
300660330
302143054
303237770
304058100
304908770
306221873
308032846
309923485
311794095
313229067
314636580
316060720
317498480
318823142
320218417
321536196
322928172
324201560
325359001
326492610
327235384
327850377
328462632
329187620
330075170
331182166
332193762
333131700
334055923
334823041
335528275
336194987
336921270
337603817
338067651
338508425
338911880
339272236
339618660
339922066
340230182
340500438
340758680
341026513
341331150
341657846
342029709
342463393
342969430
343686388
344287148
344868600
345513334
346156463
346691570
347054913
347490763
347972470
348442719
348968336
349484800
349932958
350352093
350827072
351250685
351628478
352088570
352558963
353022700
353467210
353900034
354298680
354692331
355064817
355514873
356055340
356550412
357012249
357479612
358034220
358575818
359075999
359594223
360187670
360769638
361332155
361941240
362575394
363200332
363803678
364496000
365174336
365766064
366305450
366844470
367266764
367638310
368049418
368473457
368903000
369406401
369943678
370423560
370872568
371326880
371842159
372378682
372915930
373438895
373943624
374479339
374992567
375504900
376031850
376616140
377195661
377615295
378069752
378717372
379304979
379778400
380233329
380723687
381268370
381818099
382333437
382872170
383574215
384272331
384988017
385621504
386216235
386814520
387407099
387962833
388540640
389044640
389479894
389959826
390492039
391032440
391612964
392210998
392729153
393151720
393602266
394093290
394641475
395195116
395745468
396314985
396880135
397425570
397908498
398450080
398965276
399395503
399822710
400296496
400810159
401314300
401814530
402356745
402865116
403323980
403817550
404238103
404681385
405164857
405615330
406035763
406377880
406714713
407004932
407273180
407542944
407828401
408157278
408492623
408844048
409223225
409644441
410054696
410497439
410923076
411359330
411859943
412371111
412861369
413325114
413831731
414330212
414849511
415376109
415850378
416285250
416658340
416998870
417334299
417657679
418006550
418407947
418820968
419189350
419530760
419939263
420345221
420710724
421056753
421397570
421770889
422149138
422527899
422889756
423252773
423617694
424025448
424437605
424835062
425243050
425648857
426035229
426403844
426776557
427138455
427546811
427934854
428321508
428691141
429071260
429483363
429871158
430224072
430540685
430838073
431093175
431352230
431652764
431949625
432260790
432562280
432858578
433112140
433360917
433631967
433945580
434267780
434572751
434878765
435186870
435480851
435750460
436021112
436284973
436552125
436826579
437098500
437399090
437700010
438002106
438304794
438596327
438908488
439225207
439547533
439910566
440271030
440570630
440884316
441209288
441562090
441911175
442255665
442617932
442973236
443315370
443640147
443948950
444222904
444527325
444838578
445133791
445445237
445749288
446088448
446398510
446705681
447028617
447335520
447625052
447908950
448174708
448417452
448657880
448928550
449197709
449477890
449768290
450072738
450380093
450657815
450987390
451329421
451642343
451952812
452271118
452575530
452874313
453172280
453456500
453721736
453969332
454204151
454415916
454624738
454824280
455020340
455202596
455375680
455561224
455770202
455977242
456188777
456396230
456596632
456797310
457002630
457209562
457418984
457611470
457796229
457989807
458186788
458375175
458575506
458786275
459000697
459228507
459460282
459696096
459945640
460214594
460466840
460694846
460918690
461143203
461366099
461574795
461772952
461965900
462178806
462396231
462619980
462863359
463105473
463346640
463595533
463878548
464182570
464480962
464766350
465043999
465324866
465593230
465872914
466170890
466445459
466730686
467016337
467296531
467567863
467820318
468059888
468284761
468522161
468789206
469075829
469370924
469633476
469897206
470168662
470453550
470712090
470982249
471240222
471490996
471748613
471987580
472198135
472408330
472616835
472819117
473037100
473267088
473485732
473705415
473922341
474129948
474358820
474586344
474808001
475023362
475238390
475468570
475695391
475923290
476159560
476396450
476615588
476824880
477029932
477246335
477472861
477696724
477929992
478136265
478363894
478593052
478804537
479024200
479235412
479451680
479666946
479872610
480056072
480247253
480448290
480645786
480834588
481023601
481213325
481410120
481598870
481786148
481968101
482152181
482347690
482547818
482756760
482957903
483166149
483387320
483590091
483792823
483985740
484175439
484361695
484545005
484737880
484946891
485149510
485333796
485536718
485723210
485910554
486103230
486292040
486483861
486678529
486862879
487041706
487231976
487423634
487613781
487797950
487986221
488154871
488336170
488514939
488696043
488872889
489055118
489250328
489440606
489635493
489838318
490028048
490220471
490417390
490617553
490830060
491041036
491248330
491457871
491666490
491874457
492064542
492241963
492428173
492622940
492834533
493033301
493241960
493459304
493664878
493882941
494092430
494302796
494514432
494725750
494931138
495134079
495344612
495556776
495782989
496013943
496255530
496489637
496719163
496958960
497198581
497435517
497662310
497891564
498115111
498337812
498549884
498761943
498975906
499191223
499416270
499637394
499846987
500045680
500237614
500431258
500616460
500807592
500990428
501186347
501393816
501608130
501830235
502055051
502291837
502524332
502746394
502956599
503168510
503390370
503608583
503823243
504048264
504254175
504448672
504643011
504840360
505054604
505276106
505502938
505736637
505953187
506170045
506370724
506576062
506768442
506970155
507171910
507359660
507558003
507753654
507955159
508138329
508316941
508486367
508647378
508807503
508982239
509152984
509324646
509495542
509672920
509852035
510035259
510231375
510418189
510604794
510800845
510991445
511170633
511350079
511536654
511728747
511925426
512106622
512302573
512509606
512707335
512912705
513116557
513315371
513522115
513709493
513910811
514121517
514313784
514497745
514670880
514834569
514992500
515160601
515327344
515514732
515709457
515879943
516078292
516303677
516521972
516724889
516951254
517204785
517432866
517647540
517869727
518091467
518289870
518486383
518709815
518910999
519126303
519330544
519526420
519736580
519943842
520150435
520354140
520554926
520754841
520928552
521133422
521348144
521538667
521748985
521958273
522138865
522317216
522509157
522698700
522898105
523087440
523310764
523513170
523712148
523892489
524082915
524290120
524500722
524723557
524954149
525157562
525381075
525637337
525922183
526200847
526486467
526758274
527069851
527390810
527761064
528137536
528544767
528912608
529259318
529600138
529929319
530250538
530577623
530871373
531140986
531415888
531671324
531937566
532201550
532486795
532791702
533102773
533414270
533744075
534065318
534402076
534741210
535113672
535470694
535807405
536174716
536618542
537035759
537450191
537862680
538277730
538665893
539063540
539468921
539911592
540400604
540854582
541289606
541774229
542251096
542771374
543208658
543647713
544170500
544741762
545330026
545986926
546611419
547233958
547882071
548542257
549134214
549678497
550233175
550819830
551414776
551991382
552631177
553333326
553962260
554553885
555099363
555658750
556174725
556670342
557144670
557585754
558070560
558543622
559026464
559477528
559967407
560587695
561234422
561814181
562427849
563088565
563814105
564605886
565408958
566311906
567083941
568000848
568852582
569744556
570733891
571758140
573002970
574279173
575485805
576624365
577663076
578882549
580098253
581101122
582291243
583456544
584288460
585396796
586495755
587658792
588842647
590259335
591536696
592587747
593452703
594262035
595352952
596474836
597554844
598526326
599300234
600061339
601002747
601915000
602679869
603629181
604580006
605600904
606624455
607560554
608545146
609490414
610276918
611110479
611947142
612870887
613911430
614908589
615903019
617151191
618600277
620162225
621655492
623180434
624810374
626374273
627983829
629735980
631345000
633245816
634932234
636706307
638437797
640523254
642559762
645240505
648459824
653593135
658955476
663787339
668079259
673400000
679715466
685523432
688752923
691252127
694442471
702077338
725329762
900000000

[pgcg-lon]
-1563460750
-1400823784
-1359796179
-1330541135
-1306236018
-1281192867
-1258832262
-1247258958
-1240952807
-1237811268
-1235245890
-1232907206
-1230892420
-1229406286
-1228106170
-1226864099
-1225741975
-1224655153
-1223874206
-1223090677
-1222348937
-1221421244
-1220177158
-1218482139
-1216239770
-1213955693
-1212067201
-1209748041
-1207749114
-1205980090
-1203953113
-1201697309
-1198817624
-1195655852
-1191664405
-1189200100
-1185954176
-1184755857
-1184042461
-1183491465
-1182985067
-1182385903
-1181786582
-1181194147
-1180477720
-1179182769
-1177355033
-1172698390
-1169660460
-1164724310
-1159968010
-1153524272
-1147237540
-1141323715
-1136462312
-1133951399
-1127622379
-1121548147
-1118916483
-1114955960
-1109768452
-1103683500
-1096973080
-1091236742
-1085257166
-1079193920
-1072844025
-1067787021
-1064057911
-1059976349
-1055010526
-1051053477
-1048487310
-1045187870
-1036861809
-1029691153
-1022656640
-1016631889
-1011233359
-1006291620
-1002194582
-997901820
-993540230
-990074112
-986333518
-983285500
-980446590
-978594415
-977467346
-976238950
-974136226
-972148940
-970039944
-968362722
-967199891
-965308467
-962231110
-959484680
-956705510
-954001178
-951113425
-948030848
-945463790
-942870868
-940790360
-938180300
-935790860
-933171680
-931170327
-928636364
-925633990
-922779330
-919583902
-916204680
-912714070
-909086610
-905910670
-903398870
-901449630
-900029822
-898290176
-896516347
-894672575
-892485354
-889964281
-886361169
-882849146
-880372605
-878308789
-877080273
-876110079
-873537890
-870188680
-867219633
-864274202
-861853993
-859639889
-857800379
-856333035
-854658877
-852191710
-849661000
-847272028
-845592682
-844626467
-843611740
-842402275
-841038882
-839505839
-837746290
-836273300
-834726582
-833271020
-831725120
-830215740
-828546603
-826924472
-825379642
-823952023
-822343899
-820437504
-818861414
-817284520
-815876120
-814480013
-812965032
-811470875
-809851337
-808345485
-807040680
-805622402
-804281440
-803060409
-801991319
-800920815
-799736112
-798409298
-796926274
-795350303
-793881597
-792259770
-790492870
-788833511
-787100940
-785750110
-783990327
-781736028
-779426820
-777401818
-775134024
-773419223
-771549250
-770200534
-768963130
-767546258
-766472835
-765613002
-764717330
-763505990
-762134952
-760580368
-758918001
-757217373
-755908720
-754033310
-751631262
-749357332
-746859947
-744330883
-742108744
-740790472
-739532673
-738505984
-737411732
-735406484
-733395740
-732023132
-730566890
-728970884
-727041221
-725671053
-723973216
-722363946
-720076820
-718092755
-716411794
-715066042
-713967124
-712907645
-711824760
-710906957
-709875884
-708737693
-707118778
-705195953
-701942435
-698550965
-691424203
-685511056
-679565196
-674413313
-669529241
-665111135
-661522711
-659405958
-655702336
-652220025
-648980916
-645671190
-641825562
-637299638
-634048514
-630376962
-625501087
-619253352
-614547500
-610325980
-605134929
-595852413
-586896092
-581125433
-574648272
-568457054
-562323130
-556891628
-549326096
-544532055
-537649977
-531030102
-519164507
-511763297
-506650333
-496799326
-491338274
-484765935
-471582721
-465855150
-449188939
-432217203
-414087556
-392259844
-357662338
-218836016
-167803236
-156655473
-136257259
-125208092
-114844449
-105321604
-96449682
-92388864
-89981946
-87798178
-86045057
-84412494
-82701764
-80661086
-78588621
-76193371
-73478043
-70028530
-66453389
-63509457
-61095416
-58098311
-55587897
-52213220
-48587581
-45887417
-43983644
-42380100
-41068468
-40043310
-38798987
-37521166
-36399588
-35295626
-34098900
-32744670
-31732530
-30711798
-29802172
-28617190
-27464653
-26335232
-25147660
-24173267
-23124883
-22165947
-21362520
-20647061
-19966671
-19292400
-18609129
-17945350
-17234290
-16557135
-15963487
-15456600
-14978860
-14449219
-13841398
-13144229
-12479834
-11834569
-11249430
-10655240
-9950000
-9184990
-8412068
-7636470
-6912880
-6278964
-5770618
-5212796
-4648620
-4062743
-3494725
-2935681
-2303570
-1697002
-1047918
-410838
296447
974958
1595550
2258626
3105216
3879813
4761529
5625046
6418830
7143152
7943308
8855015
9731721
10572651
11269958
11938910
12589477
13287833
13955883
14638568
15360093
16155500
17003025
17927230
18758910
19533338
20305810
20962980
21569980
22138179
22636330
23105040
23556737
24013199
24481589
24987321
25517619
26110770
26752679
27446200
28097575
28761060
29448257
30122310
30705660
31260220
31863610
32502042
33281249
34161880
35029569
35901540
36903538
37872574
38773866
39563634
40337493
40983066
41737820
42525267
43092359
43529890
43949318
44449506
44924860
45452809
45982399
46393951
46732676
47100973
47478602
47810913
48131608
48435693
48749361
49105707
49509987
49935985
50360080
50729615
51123871
51566937
51995797
52427128
52880182
53347484
53780820
54173094
54569717
54976420
55454424
55913650
56354579
56803210
57236000
57660611
58077399
58483880
58873717
59254616
59616325
59958548
60328496
60687304
61020791
61346814
61661810
62034192
62463618
62922936
63442831
63951570
64452881
64901598
65360630
65767330
66154939
66526553
66950662
67393399
67801548
68225894
68620311
68996204
69366211
69743999
70115177
70478131
70870321
71250935
71656144
72061129
72469577
72912765
73338925
73807248
74329623
74795771
75283435
75761028
76206600
76627652
77095516
77571162
78044893
78545564
79061249
79614269
80118880
80632944
81184704
81748904
82308735
82890203
83444609
83957538
84445317
84893702
85329468
85729167
86121215
86493160
86859162
87241702
87627463
88008665
88421311
88841060
89259545
89691561
90122322
90593198
91045134
91435065
91805225
92154178
92526464
92903800
93310597
93764673
94205183
94651596
95087279
95578222
96065542
96523620
96936222
97325323
97701927
98214056
98793522
99326294
99825531
100364229
100912919
101448045
101990700
102512179
103084320
103621751
104160229
104680560
105234067
105802702
106350762
106902779
107414900
107931615
108457218
108931799
109392796
109876373
110330710
110821195
111339578
111870264
112397749
112907688
113416386
113918585
114440033
114885867
115279078
115671670
116140992
116638904
117192377
117730888
118290970
118799770
119268785
119766591
120314877
120791711
121276713
121780845
122284752
122778362
123273492
123753432
124290582
124859805
125429944
126052910
126714836
127436280
128168276
128848485
129551381
130196627
130785320
131373918
131963417
132517125
133069736
133575426
134113393
134641448
135191943
135737037
136284876
136855786
137407184
137909885
138436018
138985460
139543689
140150247
140728376
141307727
141896637
142450632
142970146
143440627
143976721
144500233
144987813
145495658
146068954
146655419
147261921
147962400
148640700
149317953
149943986
150538092
151092879
151718813
152333536
152909581
153561094
154160676
154765512
155391532
155954991
156565008
157265751
158028037
158787340
159520043
160248087
160928487
161683074
162380715
163023131
163652319
164315015
164995545
165700985
166436379
167273817
168176377
169005775
169803537
170483654
171201183
172047432
172909503
173846690
174811547
175839959
176802630
177807140
178814030
179675718
180427720
181134157
181841163
182599753
183393063
184149501
185030576
185796829
186626815
187591425
188643680
189557113
190461420
191336896
192495657
193823483
194918325
196288765
197803700
199076534
200214163
201612079
203064402
204409440
205773536
207239923
208845270
210071648
211332540
212516132
213993902
215404468
216693426
217985687
219250167
220441989
221757912
222864928
223959250
225085880
226215845
227431199
228780921
230074230
231351848
232664752
233888014
235093001
236276620
237425374
238517369
239877461
241395455
243072800
244694986
246370606
247658864
249134100
250603232
252205329
253695077
255344765
256537795
258374639
259805797
261349276
263280764
265560708
267566318
269352359
270962964
272350556
273518357
274515630
275203090
275993084
276911140
277807765
278717458
279637341
280674680
281764579
282833256
284064282
285161115
286192166
287203757
288233090
289211511
290325144
291318718
292296150
293662834
295135190
296700430
298115427
299542346
300790256
302006819
303037899
304045622
305283088
306915490
308824744
310536685
312404224
314221579
315775965
317434605
319444733
322337431
324896488
326342280
328230071
329545723
331342926
333150967
334513130
335798919
337269971
338393777
339833569
340983441
342227360
343293621
344278531
345350479
346548216
347963525
349239104
350391137
351742744
353112817
354928900
356945102
358983235
361109068
362940999
365752850
368850212
371698485
374130654
375887106
377751955
379931840
382009844
383860576
385525333
387654806
389714769
391698744
392634990
394675662
396762600
398551637
400967526
403272545
405693663
408594239
411979956
416230837
419874116
423563549
428820670
432916198
436794020
439924442
443973389
447558090
451543107
456638490
461749249
466938786
472171836
477094584
480913634
484793065
490037605
495761490
500726454
508851724
517783518
526640786
536623301
547302423
554035840
557735808
565803818
575924671
587747056
599736977
609225529
620193666
641624268
659301672
678176714
689336300
695827669
704129877
712422593
721719475
728698476
732290912
736285683
739996341
745961612
752118659
759042646
766020655
770296594
773237847
775657594
780043025
784698123
789400659
797861333
801125878
804797385
810207245
816552999
823535652
831196612
836605125
841257431
846215265
851264044
854738525
859243807
865480657
878138187
884008250
899162843
912549699
929396895
949676118
963549955
982811750
993481555
1002945824
1008779346
1018360641
1028451196
1037749689
1043418305
1054150200
1064309120
1067791199
1068628901
1070647384
1076818725
1089665887
1103587213
1108924134
1122011580
1127203300
1132541271
1141157474
1151751240
1160284567
1164841717
1175684600
1187413227
1195007073
1199060118
1202511602
1204836300
1206493181
1208838245
1209979927
1211163633
1214141090
1219912321
1231329747
1242399213
1247626253
1252336116
1259816419
1268288652
1273705565
1281548523
1291051769
1300812880
1305491116
1308339151
1311714260
1316088706
1322526395
1327032730
1330549260
1335652287
1340597460
1345141480
1351342032
1355126415
1357539911
1361924850
1367277340
1369217061
1373110640
1378376690
1381768250
1384549439
1387110810
1389929318
1393395554
1395491901
1396631396
1398097087
1399795023
1401655390
1403571105
1405445240
1408200320
1410677440
1413511332
1416896439
1422581184
1428508516
1436116023
1443519202
1450608936
1457679791
1465781461
1481668347
1499892783
1513302476
1530331973
1603491520
1674537268
1699049508
1725464015
1739540614
1747712464
1754516127
1763997903
1800000000

