[pgcg-header]
dim=8
srccount-lat=3950179565
srccount-lon=3950179565
gridcount-lat=256
gridcount-lon=256

[pgcg-lat]
-437504820
-396153517
-371623240
-345405274
-327564525
-300525008
-293522045
-274854899
-257083100
-235594129
-217918226
-205122999
-194625239
-185657044
-175817829
-163499348
-146973141
-116719742
-86144196
-72734121
-62488589
-44810334
-26314581
-13675426
1247369
31934243
46176388
57761165
69029909
78703213
88855025
97178752
106329113
114285773
124522336
134146521
143120105
149572511
162927568
176155166
185279334
198106225
218987077
230939449
245996523
260931900
273193853
279044524
284495948
292834981
299388740
304058068
309923388
316060654
321536111
326492562
329187574
333131640
336194942
338508396
339922045
341026485
342463348
344868541
347054870
348968278
350827014
352558900
354298632
356055275
358034130
360187573
362575296
365174238
367266705
368902920
370872486
372915826
374992470
377195568
379304886
381268260
383574075
386216100
388540520
390491915
392729055
394641340
396879989
398965154
400810020
402865006
404681257
406377800
407542868
408843947
410497322
412370979
414330062
416285143
417657576
419189252
420710638
422149014
423617571
425242930
426776442
428321389
429871048
431093090
432260684
433360829
434572650
435750360
436826476
438001991
439225082
440570520
441911047
443315240
444527189
445749153
447028473
448174597
449197599
450379973
451642190
452874187
453969230
454824189
455561130
456396124
457209454
457989711
458786170
459695972
460694730
461574691
462396127
463346507
464480803
465593086
466730532
467820190
468789047
469897051
470982108
471987448
472819008
473705280
474586212
475468427
476396300
477246190
478136131
479024060
479872489
480645653
481409990
482152053
482957753
483792687
484544866
485333662
486103087
486862740
487613642
488336020
489054961
489838148
490617373
491457706
492241821
493033139
493882754
494725580
495556578
496489427
497435310
498337607
499191000
500045511
500807420
501607923
502524116
503390164
504253980
505054381
505952975
506768249
507557804
508316764
508982068
509672729
510417997
511170442
511925231
512707108
513521912
514313583
514992332
515709271
516521745
517432636
518289665
519126083
519943598
520754643
521538445
522317015
523087204
523892290
524723271
525637011
526757954
528137055
529599718
530871025
531937257
533102363
534401671
535806959
537449719
539063082
540854057
542770763
544741065
547233139
549677796
551990628
554553091
556669723
558543060
560586937
563087738
566311027
569743512
574277717
578880893
583455268
587657301
592586492
596473458
600060360
603627754
607559268
611109461
614907570
620160201
626372152
633243359
640520059
653585778
673391209
691248639
900000000

[pgcg-lon]
-1330541157
-1247258971
-1232907215
-1226864102
-1223090680
-1218482159
-1209748054
-1201697324
-1189200131
-1183491472
-1181194155
-1172698474
-1153524445
-1133951459
-1114956058
-1091236888
-1067787101
-1051053527
-1029691391
-1006291733
-990074187
-978594448
-972149035
-965308552
-954001250
-942870965
-933171770
-922779434
-909086800
-900029900
-892485407
-880372710
-873538038
-861854100
-854658992
-845592746
-841038970
-834726655
-828546697
-822344007
-815876200
-809851422
-804281510
-799736190
-793881673
-787101030
-779426970
-771549377
-766472861
-762135039
-755908849
-746860108
-739532736
-733395831
-727041340
-720076989
-713967201
-709875972
-701942620
-679565646
-661522853
-648981125
-634048800
-614547696
-586896710
-562323488
-537650410
-506651401
-471584078
-414090132
-167803623
-114845713
-89982146
-82701911
-73478260
-61095635
-48588002
-41068564
-36399678
-31732619
-27464730
-23124990
-19966738
-17234369
-14978912
-12479910
-9950089
-6912966
-4648700
-2303654
296336
3105105
6418720
9731592
12589375
15359976
18758811
21569890
23556668
25517523
28097480
30705560
33281082
36903357
40337364
43092265
44924761
46732594
48131541
49509901
51123777
52880086
54569636
56354483
58077304
59616238
61020716
62463495
64452775
66154845
67801443
69366106
70870207
72469448
74329473
76206489
78044738
80118727
82308556
84445169
86121099
87627351
89259404
91045003
92526351
94205035
96065392
97701782
99825373
101990529
104160072
106350585
108457051
110330555
112397581
114439862
116140828
118290785
120314702
122284587
124290378
126714596
129551143
131963248
134113219
136284677
138435826
140728182
142969975
144987640
147261670
149943731
152333340
154765284
157265472
160247811
163022890
165700698
169005399
172047076
175839592
179675469
182599458
185796472
189556750
193823000
199076064
204408945
210071150
215403912
220441486
225085460
230073729
235092554
239876884
246369967
252204547
258373959
265559572
272350028
275992745
279636907
284063832
288232724
292295737
298114861
303037485
308824099
315775565
324895595
331342017
337269401
342226693
346547553
351742148
358982207
368848943
377751139
385524481
392634588
400966537
411977729
428818852
443971907
461746642
480911718
500723575
536618405
565798878
609219398
678172973
712419385
736283575
759040470
775656736
797856088
816550963
841255178
859241827
899151644
963542820
1008774249
1043413909
1068628617
1103586088
1132538975
1164838524
1199058384
1208837556
1219906745
1252331272
1281544916
1308337743
1327030889
1345138389
1361923489
1378374367
1389928115
1398096070
1405444140
1416893803
1443517699
1481659609
1603453282
1739535705
1800000000

