[pgcg-header]
dim=8
srccount-lat=3771387444
srccount-lon=3771387444
gridcount-lat=256
gridcount-lon=256

[pgcg-lat]
-438989518
-398852486
-374416931
-347860718
-330653432
-301095361
-293909811
-274461037
-256328672
-234756934
-213928723
-201653062
-187204626
-170929212
-154940261
-125363819
-90831480
-75851306
-62642933
-38874981
-18051386
-9213506
15225800
40781364
53907620
65149559
76341614
86910232
96705681
106178000
114244082
124709330
134629554
143804034
151326755
164725633
179526749
186271913
200269630
221919739
232454416
249189073
264508930
275322910
280287850
286022585
294952599
300800403
304968790
312030150
317662079
323140170
327324351
330189340
334084970
336879706
338838603
340128670
341175884
342656709
345032603
347151131
349113770
350896666
352571658
354250669
355967372
357901140
359968110
362303550
364873280
367042230
368613159
370524225
372456027
374555094
376657000
378772149
380810959
382919162
385676982
388031904
389975296
392257289
394067910
396249639
398351190
400161567
402176545
404072110
405843213
407123983
408268696
409740909
411463343
413410948
415445818
417008550
418400959
419906553
421342007
422812830
424337232
425897246
427374576
428896075
430389245
431475925
432676741
433714110
434929605
436042020
437089335
438331830
439568076
440885703
442235414
443604555
444792135
446032798
447276102
448367540
449409614
450583677
451863434
453047320
454099285
454934673
455659840
456467381
457256408
458005980
458784188
459680759
460663251
461549270
462391880
463404970
464552257
465632348
466750161
467819389
468761038
469845961
470912950
471907760
472735598
473594778
474457392
475316141
476217796
477065049
477945260
478800439
479636565
480398092
481140244
481878050
482631660
483445113
484211228
484965400
485720693
486463913
487192760
487932759
488618246
489340339
490095274
490884932
491698960
492440193
493236221
494065343
494879528
495703574
496618149
497545116
498419027
499252098
500077538
500816800
501597020
502491522
503349292
504209989
504989479
505874351
506684150
507454295
508217575
508869653
509543830
510260878
511007929
511740741
512507002
513289594
514070598
514781310
515433100
516183542
517050989
517942389
518752290
519547617
520357312
521117825
521930384
522654735
523450042
524193431
525062209
526044885
527190507
528653399
529992319
531176556
532217256
533407693
534705154
536091845
537744768
539312101
541095653
543013045
545018082
547508982
549871762
552172965
554682853
556734358
558590901
560625078
563076558
566218818
569575253
574028210
578556709
583127056
587398739
592321469
596077090
599666413
603079487
607001429
610589238
614449372
619350893
625490776
632010038
639178529
650149633
669384279
690495132
900000000

[pgcg-lon]
-1333922149
-1249031243
-1233744940
-1227511570
-1223559691
-1219393490
-1211061996
-1203342820
-1191245860
-1184053584
-1181881972
-1178067840
-1162182250
-1139580757
-1120573595
-1101903011
-1077829600
-1059667790
-1045263873
-1017383348
-999123540
-984488020
-976981355
-968944068
-961075318
-950377780
-940371420
-931125952
-919896838
-906710398
-899118713
-891646844
-879755290
-873108190
-861829790
-854941580
-845922070
-841586071
-835587320
-829719082
-823755400
-817259390
-811643300
-806069961
-801428604
-796373292
-790194861
-784042380
-775414738
-769365120
-765046809
-759643823
-752235817
-742842621
-737962157
-731236303
-725051780
-717614648
-712616861
-708591525
-698565853
-674742469
-659754796
-645987766
-630627683
-610848975
-582344797
-558868759
-531001556
-495585793
-463719493
-382207601
-147936200
-100771319
-87092089
-80000116
-69234495
-57288339
-45455691
-39779255
-34897767
-30372031
-25961675
-21913696
-19154900
-16471800
-14397038
-11805542
-9195883
-6337843
-4174277
-1860209
779113
3582790
6825279
10168000
12940727
15732750
19035473
21737474
23621665
25527200
28038430
30601124
33046312
36586324
40088948
42856713
44675040
46508033
47882454
49147338
50724524
52379363
54088032
55754293
57448244
59019240
60428035
61705470
63449418
65305820
66826708
68464702
69932560
71404488
73036002
74886550
76707845
78616116
80699118
82922045
84876995
86446557
87917031
89554680
91279773
92723364
94400792
96237472
97840719
99941913
102080350
104205601
106358521
108415274
110277761
112296216
114303793
115960283
118021137
120010913
122004729
123975940
126343159
129141314
131614727
133773686
135938306
138079850
140318367
142613683
144671386
146889554
149595408
152107185
154570324
157036138
160007872
162791019
165386859
168609546
171588938
175231310
179111127
182025415
185171876
188746121
192588757
197859673
203015136
208810445
213904907
219179605
224073677
229350870
234870632
239972351
246744808
252774302
258903559
266506361
273577650
277713039
282383629
287987161
293678258
301367132
307718977
315514604
324537117
331216147
337587619
343172022
347770187
352947999
361330263
372202114
380304192
388217004
395270081
403805303
417039574
433991854
449057949
470222730
487981880
514859674
552853747
583458211
630381903
693336988
727012423
744303589
769194176
783482409
802235676
829128289
849715480
871725147
929308986
995054485
1030570569
1067935368
1104546238
1138553585
1173522069
1202440024
1210031929
1232244046
1260203437
1293241453
1312048801
1330870700
1351263130
1366942570
1381546850
1392861045
1399583560
1407501712
1420391096
1449306857
1494393393
1664699805
1744631424
1800000000

