[pgcg-header]
dim=9
srccount-lat=3771387444
srccount-lon=3771387444
gridcount-lat=512
gridcount-lon=512

[pgcg-lat]
-487233742
-438989518
-417267105
-398852486
-381992564
-374416931
-362420615
-347860718
-339243470
-330653431
-315354489
-301095361
-297959519
-293909811
-288205003
-274461037
-264790134
-256328672
-242671206
-234756934
-225742716
-213928723
-207708697
-201653062
-193319436
-187204626
-178549131
-170929211
-162187335
-154940257
-141637960
-125363812
-108047158
-90831472
-81468009
-75851306
-69703938
-62642930
-50760700
-38874978
-28644953
-18051384
-13616878
-9213504
2643088
15225806
35417327
40781365
48332405
53907624
60402608
65149562
70635076
76341627
82180604
86910246
91284180
96705701
102424319
106178010
109893124
114244097
120089014
124709345
129745539
134629581
139472984
143804047
146492682
151326782
157971151
164725667
173227147
179526775
183601286
186271943
192631237
200269660
210452961
221919788
226938525
232454444
240704864
249189099
256679398
264508972
270452560
275322928
277756850
280287860
283230854
286022602
291087146
294952622
298001030
300800430
303318583
304968801
308193820
312030170
314849590
317662096
320435863
323140190
325495104
327324360
328570960
330189360
332275760
334084990
335525813
336879727
338008599
338838616
339529719
340128680
340655292
341175896
341833703
342656729
343905778
345032630
346320933
347151150
348112000
349113796
350012700
350896700
351669163
352571688
353442681
354250690
354999472
355967406
356923310
357901180
358937950
359968155
361112411
362303596
363534070
364873328
366024410
367042268
367796870
368613194
369558101
370524266
371416747
372456073
373514665
374555140
375551181
376657050
377651944
378772214
379861492
380811012
381877937
382919234
384296650
385677052
386917128
388031961
389079002
389975351
391087912
392257354
393158660
394067968
395146601
396249687
397345043
398351256
399303185
400161617
401169150
402176606
403158613
404072146
404948420
405843261
406537784
407124015
407646960
408268734
408942807
409740960
410590610
411463400
412465640
413411020
414413268
415445879
416316888
417008591
417657222
418401014
419179236
419906612
420667360
421342058
422071050
422812887
423531690
424337290
425127029
425897307
426637374
427374640
428150115
428896137
429696738
430389301
430961123
431475980
432069595
432676800
433182723
433714165
434340910
434929658
435518132
436042067
436556023
437089388
437714062
438331887
438935155
439568130
440282410
440885760
441547645
442235480
442945221
443604614
444185652
444792190
445392667
446032865
446645390
447276160
447848564
448367590
448867514
449409679
449995861
450583737
451239991
451863500
452470753
453047390
453603102
454099345
454534205
454934720
455290278
455659890
456064866
456467431
456857442
457256460
457639036
458006029
458381284
458784245
459218897
459680826
460187713
460663310
461114806
461549331
461946610
462391945
462893130
463405043
463954025
464552340
465097650
465632430
466202467
466750246
467306518
467819460
468273244
468761120
469330468
469846039
470389844
470913034
471412499
471907833
472328925
472735667
473162849
473594850
474022322
474457463
474893665
475316219
475763421
476217878
476657711
477065120
477500654
477945330
478369422
478800511
479216970
479636640
480020379
480398157
480773044
481140309
481515669
481878111
482240968
482631732
483026234
483445182
483835959
484211294
484571815
484965474
485340810
485720760
486092202
486463983
486836802
487192828
487568562
487932820
488267047
488618312
488967187
489340411
489718667
490095348
490477064
490885013
491294275
491699040
492085991
492440265
492838205
493236302
493648449
494065421
494472069
494879606
495279700
495703668
496156133
496618243
497084806
497545200
497988095
498419114
498832041
499252192
499681860
500077620
500451320
500816873
501186170
501597110
502031590
502491630
502924041
503349390
503775692
504210072
504594368
504989586
505426015
505874449
506290252
506684234
507078170
507454389
507846175
508217663
508553933
508869735
509207775
509543912
509889814
510260973
510628965
511008009
511361452
511740843
512115117
512507094
512896373
513289683
513672607
514070704
514444247
514781391
515096018
515433200
515797033
516183661
516607095
517051111
517506068
517942500
518335689
518752403
519157099
519547720
519957634
520357409
520749988
521117940
521517302
521930488
522282561
522654828
523032272
523450146
523822437
524193543
524616222
525062311
525503926
526045030
526604269
527190661
527887288
528653610
529348672
529992498
530627247
531176709
531695685
532217413
532797606
533407850
534042667
534705328
535417335
536092051
536936439
537744987
538534923
539312335
540202478
541095901
542031402
543013274
543902328
545018396
546262414
547509361
548776887
549872087
551028472
552173318
553496428
554683183
555742512
556734584
557647096
558591173
559512824
560625421
561828727
563076921
564556884
566219243
567842825
569575673
571545725
574028857
576393722
578557355
580833267
583127687
585167816
587399370
589914899
592321971
593982467
596077664
598144118
599666866
601486958
603080048
604963196
607001961
608913287
610589677
612347649
614450000
616569870
619351878
622315650
625491648
628661430
632011121
635600969
639179601
643665108
650151485
660516007
669386302
681305550
690497152
703077109
900000000

[pgcg-lon]
-1400759309
-1333922149
-1286534574
-1249031243
-1238583882
-1233744940
-1230071185
-1227511569
-1225198662
-1223559691
-1221964182
-1219393490
-1215122970
-1211061996
-1207016073
-1203342818
-1198220520
-1191245859
-1185846585
-1184053583
-1183030031
-1181881971
-1180704498
-1178067833
-1170913877
-1162182240
-1150556588
-1139580740
-1131858630
-1120573589
-1113516622
-1101902991
-1089830257
-1077829571
-1067236140
-1059667780
-1051016440
-1045263842
-1030329180
-1017383320
-1007289726
-999123520
-991258019
-984488010
-979343979
-976981350
-973228147
-968944058
-966440068
-961075304
-955805960
-950377758
-944977212
-940371405
-935599710
-931125932
-925816356
-919896810
-913382884
-906710371
-902065569
-899118696
-895818137
-891646820
-885197655
-879755270
-876905607
-873108160
-867050254
-861829770
-857895251
-854941561
-850172274
-845922058
-843952618
-841586060
-838588076
-835587300
-832688522
-829719067
-826567920
-823755378
-820299684
-817259365
-814512203
-811643280
-808598050
-806069941
-803561535
-801428590
-799134971
-796373265
-793441796
-790194834
-786965616
-784042339
-779640938
-775414697
-771902406
-769365097
-766749722
-765046791
-762646120
-759643790
-756405007
-752235773
-747726450
-742842574
-739998489
-737962137
-734292147
-731236270
-728001810
-725051751
-721657380
-717614615
-714726010
-712616833
-710726490
-708591497
-705074900
-698565716
-685807535
-674742361
-665711580
-659754713
-652504530
-645987688
-637698576
-630627622
-620148403
-610848908
-598130547
-582344654
-570364702
-558868608
-544805052
-531001429
-511726107
-495585641
-482385819
-463719170
-428409593
-382206928
-179619243
-147935000
-121157698
-100771087
-91482260
-87092057
-83943379
-80000076
-75510908
-69234414
-62944824
-57288261
-51395043
-45455648
-42138781
-39779235
-37154091
-34897742
-32307398
-30372010
-28185251
-25961651
-23844911
-21913673
-20484577
-19154882
-17833575
-16471781
-15390401
-14397024
-13109359
-11805521
-10637237
-9195859
-7677620
-6337820
-5309450
-4174260
-3079297
-1860177
-603992
779140
2007439
3582830
5276910
6825321
8385258
10168044
11583603
12940769
14295387
15732788
17352784
19035506
20524337
21737507
22743160
23621686
24526840
25527240
26722430
28038480
29353680
30601160
31705890
33046373
34779602
36586408
38521062
40089008
41430305
42856756
43734198
44675077
45676459
46508061
47202955
47882480
48485572
49147372
49956540
50724558
51533314
52379407
53275192
54088063
54862216
55754339
56624850
57448287
58260573
59019280
59729591
60428077
61083970
61705510
62496708
63449469
64429120
65305870
66075186
66826753
67657941
68464745
69185190
69932603
70634678
71404541
72183429
73036055
73921934
74886605
75854353
76707895
77648832
78616174
79674302
80699185
81811952
82922111
83963675
84877055
85694176
86446603
87170218
87917080
88708123
89554739
90420964
91279824
91993578
92723408
93527839
94400842
95277101
96237540
97060908
97840790
98932753
99941985
101016388
102080422
103152665
104205666
105265381
106358593
107396848
108415348
109349849
110277821
111262305
112296286
113304700
114303859
115154299
115960348
116952450
118021212
119024159
120011000
121000671
122004812
122990857
123976019
125097718
126343256
127755684
129141419
130449822
131614813
132747076
133773762
134827651
135938398
137069123
138079925
139157018
140318454
141480674
142613769
143611177
144671459
145674838
146889653
148243981
149595508
150827512
152107283
153321066
154570431
155791029
157036255
158556291
160007984
161438246
162791120
164028222
165386964
166864701
168609662
170152872
171589071
173333957
175231524
177167657
179111267
180611690
182025531
183553068
185172005
186728684
188746286
190529837
192588957
194990545
197859916
200224482
203015369
205779302
208810653
211268309
213905163
216615873
219179844
221752272
224073874
226582184
229351132
232170509
234870861
237342213
239972591
243421530
246745070
249575249
252774557
255752512
258903848
261958714
266506812
270398586
273577913
275499396
277713245
279967793
282383833
285286354
287987405
290626126
293678599
297760295
301367422
304034775
307719398
311584507
315514861
319069432
324537616
328180879
331216549
334453761
337587885
340655924
343172231
345209054
347770413
350202861
352948358
356949620
361330593
366264790
372202614
376145642
380304631
384233034
388217407
391995499
395270405
399111646
403805755
409329592
417040100
425033613
433992577
440910587
449058937
459187582
470223650
479517580
487982767
498715837
514860868
532798987
552854379
562324486
583460202
605877523
630386563
669967747
693338246
708555124
727014070
734687409
744304468
757103276
769194992
774852724
783483221
793932259
802236059
815000565
829129394
839861730
849716218
857316469
871728030
895605073
929311267
965133389
995056417
1010093439
1030572674
1048031609
1067935650
1083053355
1104546632
1125469711
1138555777
1159217240
1173524386
1194769171
1202440370
1206590730
1210032139
1214259625
1232247453
1247830210
1260204679
1274270129
1293243340
1305852161
1312049756
1323336245
1330871690
1340784748
1351263990
1357479052
1366943448
1372569794
1381547720
1386737380
1392861732
1396513905
1399583905
1403245560
1407502140
1413005969
1420391981
1433724847
1449308101
1463771360
1494397650
1527586251
1664700876
1711567462
1744633745
1756531458
1800000000

