[pgcg-header]
dim=11
srccount-lat=3950179565
srccount-lon=3950179565
gridcount-lat=2048
gridcount-lon=2048

[pgcg-lat]
-715977029
-652622046
-544033360
-492357735
-462058998
-454974834
-446321564
-437504831
-430709430
-424823126
-418615690
-415220455
-412591133
-409616582
-403244004
-396153535
-390968290
-386485911
-382570635
-381048526
-378926371
-377273145
-374800678
-371623261
-368939090
-367081590
-362758811
-357404201
-353055064
-349809265
-347828511
-345405281
-342982116
-340509747
-339248066
-337301673
-334688542
-332987658
-330534475
-327564529
-322125740
-318780315
-314901750
-309402560
-304297881
-302170349
-301103644
-300525010
-300016661
-299183524
-298084350
-297182406
-296593680
-295708956
-294574296
-293522043
-292530483
-291387674
-290035768
-288157783
-286148890
-281260313
-277159199
-274854892
-272461066
-270132910
-267699554
-265068792
-263282163
-261237804
-259378069
-257083100
-255109630
-253032002
-248827597
-245674205
-242080291
-238767680
-236234102
-235594127
-234381670
-232781524
-229853948
-228135126
-225388008
-223099692
-220683244
-217918214
-214657745
-212894454
-211718479
-210399675
-209262361
-207847502
-206525596
-205122993
-203848067
-202866920
-201920813
-200817496
-199454543
-197984684
-196229590
-194625230
-193252311
-192001523
-190946987
-190020498
-189203164
-188247821
-187053471
-185657037
-184355202
-182991567
-181539467
-180102390
-178873566
-178128874
-177121633
-175817819
-174453879
-173094907
-171272912
-169694228
-168238748
-166544349
-165019730
-163499327
-161952849
-160763413
-159069845
-157738516
-155681676
-153923502
-150819340
-146973115
-143585517
-140163887
-137107012
-133134528
-128791839
-124551455
-120097218
-116719732
-113583686
-107577102
-101752054
-97616494
-94644127
-91648730
-88322263
-86144188
-84685970
-82643403
-80495000
-78823970
-77570538
-76381720
-73514842
-72734114
-71972556
-69913728
-68664675
-67975929
-66129621
-64241868
-63437632
-62488581
-61919582
-61248073
-58886409
-55170033
-52389576
-50829227
-48232958
-44810274
-42523183
-39927820
-37575983
-35295092
-33382280
-30878194
-28518052
-26314533
-24368068
-21321250
-19562667
-18061366
-16802469
-15933921
-14536114
-13675407
-12885919
-11928575
-10523866
-9373050
-7670812
-4876900
-1850478
1247465
3928653
7773824
11808575
14101357
17802137
24161538
28307343
31934285
35011275
37740825
38752763
39993426
40637328
42186382
44195763
46176429
48030562
48927880
50672032
52328982
53564646
54636685
55685608
57761229
59713274
61319317
62363892
63321626
64579222
65731600
67610265
69029930
69868643
70677977
71478437
72747756
74632979
76156349
77466089
78703244
79988010
81802533
83261320
84470498
85397516
86539314
87671094
88855040
89752372
90503168
91313598
92214693
93246413
94422923
95693233
97178776
98653640
99997236
101376056
102707895
103732368
104587395
105572279
106329129
107225339
108304899
109135837
109976555
110823464
111886331
113047219
114285813
115729428
117270174
118619038
120099735
121105109
122182697
123449275
124522365
125823209
127305646
129022832
129650196
130259186
131124318
132541904
134146577
135453061
136825821
137974238
139030975
139956050
140898215
141975870
143120120
143973573
144596385
145340151
146024876
146602686
147444029
148482031
149572560
151272809
153119718
154660703
156032881
157772568
159667025
161664654
162927597
164378174
166198219
168372396
170446984
172685312
173904674
174817764
176155228
179138703
180375881
181642209
182599303
183532702
184075823
184668834
185279350
186229973
187698151
189677260
191199828
192710342
194323283
196239478
198106282
200321540
203219313
205814096
208021363
210360608
212972611
215586910
218987149
221540514
223446230
224866491
225864973
226742609
227950233
229929498
230939491
232145532
233647828
236048235
237591687
239256185
241559530
244019599
245996602
248004265
249707503
251007172
252597583
254714718
257016239
258810901
260931960
262805016
264833167
266261230
267652181
268977600
270312479
271823923
273193887
274205749
275175994
276022469
276666070
277143439
277710564
278407330
279044547
279704324
280298575
280879135
281549667
282246690
283165158
283847378
284495968
285140562
285906044
286679734
287733737
289301767
290788818
291883072
292835000
293586961
294599545
295549624
296354388
297111760
297804798
298613484
299388770
300005430
300660300
301529943
302143037
302733210
303237758
303667090
304058090
304461085
304908760
305434409
306221860
307084600
308032830
308989394
309923471
310909760
311794086
312570120
313229063
313893809
314636574
315353602
316060712
316847222
317498468
318123980
318823132
319500843
320218403
320846764
321536184
322239670
322928164
323570070
324201554
324801215
325358992
325967428
326492607
326885216
327235380
327541410
327850376
328157370
328462630
328794996
329187618
329621741
330075166
330626070
331182160
331703940
332193765
332681768
333131700
333608833
334055923
334465460
334823041
335188705
335528274
335852180
336194988
336551712
336921270
337303770
337603820
337845800
338067654
338287416
338508430
338716566
338911887
339092540
339272240
339449661
339618665
339769117
339922070
340080385
340230190
340373316
340500444
340633906
340758688
340885667
341026521
341167539
341331160
341492800
341657860
341838440
342029725
342231127
342463416
342693871
342969450
343297341
343686417
343991150
344287180
344580730
344868638
345163072
345513375
345820034
346156499
346469554
346691590
346865300
347054935
347267338
347490788
347733797
347972498
348212894
348442748
348697140
348968370
349246136
349484828
349715248
349932980
350135039
350352121
350589630
350827104
351054457
351250710
351437690
351628512
351843973
352088607
352329723
352559000
352791120
353022732
353248310
353467249
353680469
353900070
354104808
354298708
354489062
354692370
354884928
355064850
355271535
355514920
355790814
356055390
356309070
356550457
356778897
357012289
357238805
357479670
357760874
358034280
358305708
358575873
358844513
359076050
359325770
359594280
359886367
360187740
360487484
360769692
361042580
361332230
361631820
361941319
362256058
362575470
362895741
363200404
363498870
363803760
364144193
364496090
364850570
365174420
365488380
365766140
366035808
366305530
366577445
366844550
367071921
367266817
367446468
367638379
367841060
368049477
368264046
368473525
368679710
368903070
369145365
369406490
369677702
369943752
370191970
370423630
370647890
370872631
371096405
371326950
371574673
371842248
372107244
372378780
372647209
372916027
373182996
373438980
373693237
373943702
374202920
374479428
374740574
374992652
375245948
375504980
375748059
376031955
376337810
376616227
376912411
377195741
377411090
377615365
377820570
378069857
378382680
378717500
379037924
379305062
379541784
379778481
380013964
380233403
380466260
380723786
380990478
381268472
381541768
381818184
382073065
382333530
382580945
382872299
383224821
383574338
383923275
384272468
384636766
384988129
385314718
385621610
385902431
386216348
386516654
386814620
387121740
387407200
387686442
387962934
388251281
388540740
388813858
389044716
389267451
389479984
389710597
389959920
390220186
390492131
390758036
391032535
391321795
391613070
391913070
392211103
392477372
392729233
392944425
393151789
393375342
393602354
393830636
394093385
394364560
394641581
394915075
395195214
395468587
395745574
396035711
396315085
396592742
396880240
397162716
397425669
397666850
397908599
398184589
398450180
398711869
398965367
399191920
399395598
399608968
399822793
400047800
400296596
400556110
400810272
401058710
401314400
401557868
401814644
402083358
402356877
402629964
402865215
403086953
403324090
403558280
403817646
404032304
404238183
404452022
404681495
404923377
405164960
405398271
405615424
405831688
406035847
406217100
406377947
406548530
406714777
406855853
407004993
407145520
407273233
407409381
407543004
407682019
407828464
407982699
408157357
408324320
408492693
408666906
408844121
409024746
409223315
409440499
409644536
409856179
410054780
410271787
410497532
410715235
410923183
411137885
411359440
411594414
411860060
412116230
412371231
412620183
412861488
413096815
413325228
413580370
413831859
414084041
414330330
414584225
414849644
415110640
415376241
415619090
415850490
416076557
416285347
416474475
416658429
416835334
416998938
417161861
417334377
417490591
417657760
417832292
418006651
418204879
418408046
418615469
418821064
419011250
419189432
419356380
419530873
419737060
419939364
420140690
420345323
420537063
420710814
420878809
421056839
421228611
421397658
421579326
421770980
421960023
422149232
422344542
422527993
422708266
422889849
423075488
423252868
423429212
423617793
423809144
424025570
424238078
424437718
424635065
424835176
425042683
425243162
425450930
425648966
425836334
426035325
426221077
426403949
426587814
426776656
426953679
427138559
427335838
427546919
427742988
427934957
428127055
428321617
428509866
428691240
428871442
429071378
429279514
429483483
429681561
429871254
430051120
430224169
430389300
430540766
430695356
430838146
430968510
431093249
431222554
431352307
431494455
431652858
431808919
431949715
432103430
432260882
432413681
432562379
432724188
432858650
432985570
433112216
433234034
433360990
433493200
433632055
433793107
433945677
434105269
434267869
434430635
434572830
434721348
434878849
435028956
435186961
435335960
435480936
435613994
435750537
435887450
436021191
436148928
436285054
436419844
436552208
436685598
436826660
436962511
437098592
437248251
437399182
437556660
437700090
437850483
438002198
438158862
438304880
438449564
438596413
438756727
438908572
439062455
439225306
439387007
439547625
439718065
439910666
440091732
440271135
440428571
440570712
440723702
440884400
441047870
441209376
441379648
441562196
441738014
441911270
442078470
442255761
442431100
442618040
442797870
442973340
443145098
443315475
443483379
443640241
443800068
443949041
444086327
444222994
444371437
444527424
444685327
444838667
444983999
445133883
445293133
445445326
445593245
445749389
445921253
446088542
446251886
446398600
446545753
446705791
446870494
447028720
447190160
447335618
447480667
447625140
447763808
447909040
448044615
448174789
448300170
448417520
448534930
448657968
448791578
448928641
449060695
449197790
449335320
449477983
449619564
449768387
449914989
450072838
450231460
450380183
450516762
450657918
450813461
450987502
451163713
451329528
451483551
451642459
451808020
451952920
452114915
452271223
452426760
452575634
452727801
452874412
453020548
453172383
453314088
453456596
453588820
453721832
453851519
453969410
454085115
454204229
454314370
454415982
454519340
454624813
454727810
454824354
454925670
455020404
455114000
455202658
455287620
455375744
455466191
455561297
455664304
455770289
455876758
455977319
456081016
456188857
456293520
456396310
456494116
456596704
456696840
456797394
456899528
457002711
457105105
457209643
457317959
457419060
457514437
457611549
457704510
457796303
457894445
457989884
458088806
458186864
458280346
458375260
458473660
458575596
458681056
458786369
458893730
459000796
459115297
459228607
459344922
459460384
459575126
459696201
459820322
459945750
460077760
460214715
460343986
460466953
460582277
460694946
460805862
460918796
461035860
461143303
461258411
461366202
461471474
461574890
461676480
461773046
461867860
461966000
462073242
462178909
462286950
462396336
462507689
462620090
462740285
462863476
462984860
463105590
463224570
463346764
463469216
463595652
463733795
463878695
464030114
464182720
464332552
464481107
464626760
464766490
464905383
465044140
465183490
465325006
465459673
465593364
465726556
465873070
466024650
466171037
466305400
466445603
466592170
466730820
466869722
467016500
467161056
467296683
467436177
467568002
467698180
467820446
467938978
468060017
468174244
468284879
468397170
468522310
468652425
468789368
468926116
469075996
469225700
469371070
469499467
469633635
469766048
469897357
470032310
470168830
470313748
470453710
470585850
470712250
470849136
470982392
471110583
471240367
471365268
471491152
471622490
471748760
471871309
471987710
472094160
472198270
472305368
472408460
472516399
472616952
472718738
472819232
472922998
473037250
473153878
473267220
473377490
473485875
473596245
473705562
473821448
473922475
474028017
474130080
474241462
474358975
474470290
474586489
474700208
474808140
474913367
475023508
475133494
475238532
475350798
475468718
475582337
475695540
475811405
475923444
476038383
476159710
476277772
476396605
476509624
476615720
476719980
476825012
476927730
477030066
477140282
477246477
477359438
477473013
477585420
477696885
477815870
477930142
478033270
478136414
478245930
478364066
478482816
478593196
478699594
478804695
478915241
479024348
479130751
479235563
479344070
479451842
479559840
479667094
479775678
479872741
479966125
480056200
480151063
480247402
480351011
480448422
480548830
480645926
480739788
480834721
480930246
481023742
481118752
481213455
481310995
481410257
481504607
481599004
481693854
481786285
481875775
481968224
482059032
482152315
482248868
482347843
482448494
482547958
482654110
482756910
482855603
482958058
483062257
483166306
483277092
483387484
483490933
483590244
483691457
483792963
483888731
483985879
484080576
484175590
484272566
484361830
484454256
484545140
484639461
484738037
484842196
484947055
485051152
485149657
485243900
485333935
485432802
485536869
485631310
485723353
485817252
485910696
486007034
486103380
486200022
486292180
486385794
486484007
486579547
486678680
486772673
486863019
486951920
487041850
487135944
487232127
487327689
487423786
487522197
487613931
487704204
487798110
487895570
487986373
488070440
488155010
488240277
488336337
488428010
488515080
488603210
488696210
488784291
488873046
488963103
489055285
489151604
489250500
489347223
489440770
489538509
489635665
489736930
489838505
489933791
490028218
490123513
490220647
490319550
490417575
490515483
490617750
490723140
490830257
490937301
491041230
491143560
491248532
491358000
491458058
491561168
491666676
491772759
491874641
491970192
492064707
492153004
492242122
492332461
492428349
492524559
492623129
492729777
492834724
492935064
493033483
493137925
493242158
493351270
493459496
493558621
493665074
493774478
493883140
493991334
494092614
494194584
494302994
494409834
494514640
494625591
494725930
494828113
494931338
495036332
495134269
495238196
495344823
495451870
495556985
495669799
495783195
495899980
496014161
496131510
496255773
496374353
496489855
496603208
496719391
496840112
496959180
497078240
497198808
497320415
497435744
497549251
497662536
497780698
497891782
498002893
498115339
498227944
498338022
498445473
498550090
498658410
498762153
498867830
498976113
499079950
499191449
499303236
499416507
499527420
499637603
499741972
499847194
499947827
500045873
500141974
500237818
500337275
500431443
500525600
500616657
500713465
500807777
500897638
500990613
501083577
501186540
501287962
501394026
501498995
501608345
501718884
501830463
501943297
502055276
502176787
502292069
502406781
502524566
502637088
502746611
502854170
502956797
503059732
503168738
503280528
503390589
503503170
503608796
503713712
503823473
503938358
504048480
504153413
504254385
504353903
504448869
504546559
504643212
504742122
504840565
504943947
505054833
505166040
505276347
505390420
505503197
505622895
505736868
505846820
505953419
506063852
506170286
506271594
506370932
506472600
506576283
506672896
506768650
506866796
506970380
507071601
507172120
507268300
507359857
507455297
507558224
507658545
507753870
507852005
507955375
508049462
508138520
508228035
508317143
508402352
508486547
508568061
508647558
508727984
508807692
508893645
508982437
509068729
509153174
509238286
509324844
509412030
509495737
509585688
509673133
509762203
509852241
509943546
510035474
510134562
510231597
510325871
510418402
510511390
510605007
510701375
510801075
510897444
510991654
511083049
511170845
511259933
511350277
511439843
511536868
511632065
511728977
511829009
511925635
512016049
512106841
512202529
512302803
512407331
512509822
512607371
512707585
512811844
512912954
513015279
513116803
513219283
513315596
513419260
513522340
513615988
513709718
513807953
513911058
514016948
514121767
514217930
514314009
514407980
514497958
514585128
514671085
514755368
514834746
514914682
514992682
515074373
515160806
515243879
515327551
515419002
515514959
515614720
515709658
515793491
515880143
515970723
516078558
516190973
516303948
516418848
516522215
516621901
516725149
516840973
516951544
517080572
517205095
517324407
517433127
517538989
517647798
517751491
517870021
517987677
518091736
518195319
518290096
518382321
518486619
518598326
518710070
518813553
518911243
519017942
519126549
519229696
519330792
519428623
519526672
519628537
519736840
519841727
519944100
520050472
520150699
520256596
520354379
520453357
520555177
520656136
520755068
520841724
520928779
521026668
521133702
521244800
521348392
521442698
521538914
521639453
521749287
521860400
521958513
522051127
522139084
522225821
522317440
522408568
522509395
522604183
522698937
522796496
522898361
522990933
523087698
523192542
523311067
523417249
523513408
523612225
523712394
523803471
523892705
523988441
524083159
524178675
524290412
524396261
524500997
524608361
524723872
524845340
524954405
525058658
525157821
525263774
525381384
525506915
525637705
525774987
525922559
526058884
526201214
526345784
526486836
526624299
526758637
526913769
527070269
527224917
527391289
527573601
527761615
527942559
528138064
528355506
528545199
528730805
528913059
529089072
529259795
529435085
529600602
529770879
529929710
530087978
530250983
530417093
530578018
530725762
530871766
531005366
531141360
531282095
531416222
531542654
531671666
531806927
531937910
532069831
532201950
532343065
532487188
532638581
532792085
532942806
533103228
533262842
533414674
533582744
533744515
533902840
534065769
534231176
534402528
534567929
534741676
534920382
535114211
535296009
535471151
535638629
535807894
535985865
536175266
536400233
536619152
536838675
537036326
537245326
537450742
537657207
537863217
538068076
538278279
538473898
538666431
538867105
539064081
539261363
539469515
539679656
539912218
540152769
540401247
540641237
540855163
541065716
541290309
541539350
541774844
542007250
542251823
542517307
542772053
542999967
543209237
543426445
543648391
543900625
544171253
544443986
544742539
545034173
545330960
545651139
545987793
546302817
546612230
546930719
547234871
547570385
547882939
548211787
548543104
548856332
549134977
549405845
549679284
549948901
550233974
550525632
550820644
551127364
551415626
551696604
551992238
552311921
552632236
553006569
553334227
553648595
553963083
554247059
554554789
554841716
555100096
555365911
555659442
555927802
556175429
556422720
556671017
556910032
557145244
557367469
557586440
557825013
558071296
558316577
558544266
558785515
559027102
559264069
559478134
559708422
559968162
560261057
560588573
560924187
561235257
561521474
561815037
562111050
562428729
562755230
563089523
563441962
563815145
564204128
564606991
564999325
565410195
565871814
566312980
566673583
567085115
567540606
568002052
568420246
568853838
569344817
569745717
570226425
570735399
571254158
571759808
572367376
573004824
573665962
574280789
574838857
575487558
576104188
576625699
577129905
577664831
578244734
578884414
579557105
580099487
580585052
581102710
581676619
582292996
582885211
583457957
583849034
584289986
584853957
585398146
585923657
586497413
587087198
587660459
588262178
588844315
589571518
590261396
590910414
591538487
592107567
592589212
593037062
593453805
593845689
594263094
594748394
595354852
595962776
596476281
597032497
597556250
598063664
598527422
598940938
599301200
599648977
600062428
600504809
601004354
601508132
601916074
602280888
602681017
603155094
603630683
604093845
604581231
605052862
605602399
606120577
606625845
607121768
607561926
608045942
608546500
609023174
609491644
609889405
610278110
610697260
611111563
611510608
611948423
612424728
612872441
613396903
613912912
614463182
614909742
615374174
615904662
616499238
617153231
617883742
618602337
619352692
620164504
620987814
621657500
622375369
623183195
624030568
624812669
625595160
626376646
627178334
627986366
628851029
629738263
630537030
631347512
632256935
633248405
634093170
634935028
635801113
636708794
637621793
638439825
639361638
640526532
641465200
642562757
643948342
645243500
646290608
648466131
650619778
653601026
656448148
658962419
661188452
663794405
665949793
668084877
670308512
673409713
676547986
679723324
682549549
685530900
687543335
688756339
689940286
691256217
692715358
694447500
696647070
702102326
708462500
725427798
785745222
900000000

[pgcg-lon]
-1643047401
-1563460753
-1497616258
-1400823784
-1375022848
-1359796185
-1347315361
-1330541143
-1322115428
-1306236043
-1293753425
-1281192876
-1269542137
-1258832274
-1252031702
-1247258961
-1243614790
-1240952809
-1239287211
-1237811270
-1236449326
-1235245890
-1234057614
-1232907208
-1231772829
-1230892420
-1230164364
-1229406286
-1228700517
-1228106170
-1227494567
-1226864099
-1226288970
-1225741975
-1225093391
-1224655153
-1224261761
-1223874206
-1223465924
-1223090677
-1222750377
-1222348938
-1221908119
-1221421246
-1220801963
-1220177160
-1219464950
-1218482141
-1217396277
-1216239770
-1215100160
-1213955693
-1213052935
-1212067201
-1210909190
-1209748041
-1208701108
-1207749113
-1206782422
-1205980088
-1204951764
-1203953111
-1202843225
-1201697307
-1200476630
-1198817620
-1197444731
-1195655846
-1193588220
-1191664401
-1190423425
-1189200090
-1187383428
-1185954176
-1185290734
-1184755857
-1184363657
-1184042461
-1183756563
-1183491464
-1183225263
-1182985065
-1182700266
-1182385899
-1182048533
-1181786580
-1181478232
-1181194144
-1180884296
-1180477714
-1179938631
-1179182764
-1178407475
-1177355020
-1175257952
-1172698362
-1171227043
-1169660440
-1167263423
-1164724275
-1162413380
-1159967990
-1156969630
-1153524232
-1150580335
-1147237500
-1143990282
-1141323681
-1139285418
-1136462298
-1135179652
-1133951381
-1130963366
-1127622341
-1124221120
-1121548123
-1120057473
-1118916470
-1117134296
-1114955939
-1112447726
-1109768433
-1107449495
-1103683457
-1100115995
-1096973050
-1094155798
-1091236711
-1087950392
-1085257150
-1082381897
-1079193899
-1076089734
-1072844010
-1069741393
-1067787008
-1065863389
-1064057902
-1061995821
-1059976333
-1057571270
-1055010517
-1052698664
-1051053470
-1049984829
-1048487304
-1047044440
-1045187860
-1041100465
-1036861790
-1033445338
-1029691136
-1025921310
-1022656624
-1019323150
-1016631880
-1013741339
-1011233352
-1008795157
-1006291610
-1004085996
-1002194563
-1000161500
-997901810
-995639764
-993540225
-991812740
-990074100
-988110920
-986333501
-984787599
-983285491
-981797880
-980446582
-979400254
-978594412
-978006695
-977467346
-976922040
-976238948
-975211548
-974136217
-973234115
-972148935
-971086520
-970039940
-969028764
-968362717
-967854185
-967199886
-966429299
-965308451
-963796962
-962231100
-960869409
-959484670
-958072245
-956705503
-955378493
-954001169
-952601096
-951113420
-949484370
-948030843
-946732393
-945463781
-944155626
-942870865
-941789621
-940790351
-939531808
-938180294
-937018614
-935790855
-934422950
-933171671
-932148583
-931170320
-929943552
-928636360
-927158044
-925633986
-924313240
-922779320
-921083100
-919583899
-918010035
-916204671
-914484855
-912714060
-910903362
-909086603
-907465383
-905910670
-904580598
-903398870
-902327055
-901449630
-900778520
-900029822
-899177210
-898290174
-897391624
-896516345
-895749380
-894672571
-893621582
-892485353
-891316964
-889964280
-888255617
-886361168
-884466590
-882849143
-881607600
-880372601
-879306947
-878308788
-877608305
-877080271
-876661360
-876110078
-875093875
-873537890
-871919944
-870188680
-868570055
-867219633
-865737080
-864274202
-862870693
-861853994
-860838701
-859639890
-858547513
-857800380
-856992640
-856333034
-855653997
-854658872
-853383420
-852191709
-850965690
-849660990
-848399369
-847272021
-846288290
-845592680
-845070159
-844626464
-844123162
-843611732
-843018712
-842402270
-841721484
-841038870
-840310356
-839505824
-838634664
-837746278
-836949391
-836273287
-835504130
-834726568
-833999109
-833271010
-832492803
-831725110
-830968672
-830215731
-829408757
-828546598
-827707277
-826924468
-826148610
-825379638
-824624771
-823952015
-823241320
-822343884
-821384503
-820437500
-819643890
-818861400
-818059281
-817284504
-816603200
-815876106
-815197474
-814480000
-813735230
-812965011
-812233027
-811470850
-810634683
-809851313
-809033641
-808345465
-807634080
-807040660
-806362840
-805622378
-804896329
-804281420
-803682843
-803060392
-802493075
-801991302
-801440176
-800920802
-800345124
-799736095
-799075820
-798409270
-797686901
-796926243
-796191666
-795350270
-794574140
-793881566
-793117630
-792259720
-791325102
-790492840
-789656246
-788833473
-787971529
-787100907
-786408029
-785750071
-784949179
-783990280
-782869250
-781735980
-780591920
-779426770
-778469970
-777401759
-776173840
-775133985
-774297307
-773419180
-772473570
-771549195
-770758082
-770200511
-769672348
-768963096
-768205392
-767546220
-766952930
-766472822
-766036352
-765612974
-765178756
-764717302
-764202863
-763505941
-762755630
-762134910
-761392304
-760580305
-759788033
-758917950
-757989080
-757217330
-756599318
-755908665
-755045990
-754033224
-752713811
-751631193
-750561999
-749357245
-748134051
-746859850
-745613260
-744330788
-743104747
-742108676
-741421980
-740790420
-740057468
-739532638
-739040007
-738505950
-737950675
-737411687
-736432207
-735406355
-734177028
-733395685
-732674389
-732023081
-731227086
-730566830
-729785053
-728970813
-727980820
-727041152
-726311177
-725671000
-724943474
-723973141
-723145654
-722363870
-721293157
-720076705
-718980001
-718092683
-717275889
-716411727
-715679062
-715065994
-714509106
-713967072
-713415470
-712907601
-712337702
-711824714
-711382097
-710906919
-710411200
-709875836
-709325474
-708737639
-707992015
-707118698
-706228702
-705195829
-703503268
-701942300
-700303837
-698550720
-695127015
-691423848
-688449903
-685510777
-682385601
-679564890
-676755477
-674413034
-671817946
-669529004
-667460012
-665110905
-662978300
-661522627
-660645306
-659405787
-657555366
-655702161
-653844566
-652219895
-650490755
-648980797
-647406964
-645671008
-643775602
-641825372
-639426193
-637299474
-635708667
-634048348
-632156438
-630376775
-628034877
-625500804
-622504127
-619253034
-616553098
-614547404
-612424820
-610325845
-608567934
-605134587
-600739046
-595851944
-590578092
-586895771
-584067519
-581125143
-577629641
-574648068
-571574563
-568456805
-565149297
-562322968
-559774412
-556891362
-553011392
-549325875
-546549562
-544531705
-540342470
-537649737
-534358876
-531029900
-525987439
-519164072
-512380809
-511763257
-511242881
-506649911
-500641135
-496799118
-493656494
-491338157
-488919720
-484765618
-479241921
-471582156
-466809030
-465855074
-459508484
-449187697
-438666843
-432216987
-425317776
-414086368
-403509001
-392258652
-376352093
-357661559
-275946359
-218835659
-178071213
-167803061
-163908323
-156655031
-147164866
-136256496
-130872044
-125207742
-120950232
-114843931
-109369259
-105321127
-100227947
-96449445
-94157876
-92388756
-91268926
-89981881
-88815952
-87798114
-86820186
-86045015
-85220863
-84412435
-83648093
-82701703
-81680846
-80661027
-79573736
-78588556
-77413219
-76193291
-74897069
-73477962
-71875257
-70028408
-68165425
-66453276
-64872653
-63509391
-62350843
-61095350
-59620055
-58098205
-56736910
-55587813
-54107828
-52213094
-50431721
-48587457
-47059880
-45887333
-44886550
-43983580
-43113465
-42380060
-41727674
-41068434
-40558952
-40043274
-39453149
-38798939
-38169940
-37521123
-36964483
-36399546
-35833956
-35295592
-34734028
-34098860
-33439910
-32744625
-32190877
-31732492
-31234877
-30711756
-30233336
-29802140
-29263381
-28617148
-27980570
-27464617
-26942636
-26335190
-25745421
-25147617
-24630381
-24173233
-23648599
-23124842
-22610580
-22165920
-21735335
-21362494
-21003490
-20647037
-20292483
-19966644
-19625631
-19292376
-18947469
-18609105
-18274456
-17945330
-17595550
-17234264
-16874835
-16557117
-16246470
-15963469
-15711529
-15456585
-15214120
-14978846
-14728548
-14449197
-14173329
-13841378
-13497780
-13144210
-12818026
-12479809
-12157128
-11834542
-11531152
-11249409
-10942624
-10655224
-10336383
-9949972
-9575479
-9184960
-8812975
-8412034
-7997880
-7636435
-7268400
-6912850
-6575655
-6278943
-6021034
-5770599
-5502649
-5212772
-4932403
-4648600
-4345380
-4062720
-3771006
-3494707
-3224641
-2935652
-2615370
-2303543
-2006023
-1696978
-1386182
-1047888
-730954
-410808
-86126
296482
670512
974985
1282867
1595573
1903859
2258652
2660403
3105251
3506644
3879840
4308244
4761564
5212704
5625083
6018511
6418860
6795267
7143183
7494168
7943350
8385391
8855057
9272514
9731760
10160195
10572679
10912181
11269990
11594808
11938942
12276599
12589507
12949400
13287863
13631195
13955911
14310827
14638600
14981100
15360129
15781826
16155531
16562175
17003066
17450640
17927278
18356876
18758934
19131080
19533370
19936520
20305850
20643460
20963015
21268330
21570008
21859103
22138203
22400050
22636355
22873087
23105066
23327537
23556760
23773165
24013226
24248160
24481614
24734940
24987357
25249572
25517650
25818980
26110810
26408360
26752733
27112268
27446245
27773360
28097620
28403563
28761111
29091050
29448310
29794860
30122366
30415610
30705720
30974696
31260280
31554795
31863671
32167930
32502116
32879450
33281343
33721170
34161980
34602970
35029663
35449200
35901647
36367771
36903639
37352120
37872710
38353970
38773962
39145168
39563735
39977189
40337577
40676050
40983144
41357818
41737905
42152320
42525360
42823089
43092424
43318615
43529940
43731883
43949377
44197461
44449560
44690336
44924920
45175230
45452882
45733755
45982460
46207100
46393996
46560801
46732730
46919899
47101021
47296090
47478642
47639220
47810960
47979187
48131654
48285006
48435740
48594272
48749407
48921670
49105772
49318059
49510051
49720031
49936055
50151471
50360144
50538314
50729672
50916626
51123947
51349829
51567017
51782563
51995880
52215506
52427202
52647736
52880256
53109353
53347559
53582806
53780897
53980910
54173160
54368535
54569793
54770450
54976493
55212881
55454510
55681170
55913740
56141979
56354650
56583634
56803288
57024023
57236080
57437861
57660698
57865833
58077478
58278627
58483952
58683510
58873785
59062472
59254685
59433774
59616393
59785463
59958609
60132219
60328570
60510325
60687369
60855990
61020854
61181844
61346878
61498268
61661870
61842880
62034266
62239292
62463714
62693682
62923026
63174887
63442932
63697196
63951675
64209357
64452967
64669577
64901682
65129056
65360721
65582092
65767400
65957829
66155010
66339400
66526636
66737020
66950753
67174976
67393480
67603730
67801627
68010143
68225980
68435472
68620375
68808021
68996275
69182391
69366289
69549220
69744077
69943939
70115247
70297593
70478201
70668582
70870407
71061434
71251015
71463145
71656222
71853667
72061206
72262167
72469660
72689724
72912868
73129922
73339014
73569693
73807341
74062961
74329737
74574052
74795870
75034673
75283530
75527765
75761130
75991461
76206685
76417756
76627746
76857365
77095613
77332931
77571263
77797361
78045007
78292958
78545667
78798808
79061361
79350786
79614379
79866706
80118996
80373763
80633068
80909900
81184825
81465437
81749038
82026645
82308878
82595120
82890333
83174702
83444723
83699541
83957654
84198834
84445423
84671477
84893799
85114990
85329557
85530063
85729261
85931363
86121299
86312513
86493241
86678376
86859246
87045813
87241791
87441085
87627549
87816255
88008755
88213026
88421407
88618617
88841167
89055459
89259656
89472010
89691661
89909713
90122416
90351531
90593311
90821993
91045228
91244388
91435158
91620901
91805310
91976234
92154266
92334756
92526553
92713161
92903902
93107130
93310708
93538001
93764778
93985219
94205295
94429637
94651708
94862760
95087403
95325044
95578349
95821657
96065666
96304894
96523714
96719643
96936324
97128888
97325416
97507160
97702026
97941502
98214199
98503156
98793660
99070146
99326418
99570342
99825666
100091693
100364387
100654482
100913058
101171557
101448192
101725374
101990837
102254032
102512317
102794371
103084467
103346843
103621901
103903879
104160355
104410110
104680705
104957151
105234224
105518328
105802851
106077594
106350913
106632845
106902918
107163298
107415043
107680638
107931754
108191432
108457368
108703497
108931922
109158959
109392928
109635509
109876500
110101422
110330837
110569527
110821336
111083738
111339716
111602738
111870419
112142156
112397895
112654383
112907837
113168008
113416531
113660444
113918759
114185134
114440182
114672830
114885985
115086985
115279187
115469195
115671794
115907966
116141147
116386733
116639059
116907611
117192532
117469152
117731059
118003088
118291138
118565367
118799908
119027251
119268937
119515417
119766745
120039281
120315023
120551781
120791854
121032473
121276876
121533801
121780994
122035488
122284905
122520157
122778514
123021073
123273642
123505977
123753585
124012222
124290769
124583347
124859972
125135964
125430143
125740234
126053100
126380789
126715051
127062103
127436497
127800474
128168510
128504190
128848717
129197651
129551607
129885689
130196840
130505735
130785481
131076368
131374116
131682012
131963585
132239052
132517320
132803881
133069898
133318810
133575615
133854338
134113555
134366482
134641636
134921361
135192119
135462514
135737233
136027310
136285061
136560327
136855988
137139611
137407369
137666414
137910064
138174485
138436207
138708421
138985648
139261895
139543888
139851755
140150455
140440736
140728557
141015950
141307926
141603801
141896828
142181200
142450820
142722540
142970315
143210382
143440797
143698531
143976902
144234064
144500410
144752237
144987978
145237114
145495841
145764825
146069193
146366888
146655619
146959395
147262148
147605283
147962635
148309127
148640942
148981061
149318170
149628605
149944208
150253635
150538281
150807287
151093114
151407319
151719041
152044589
152333720
152627122
152909781
153236295
153561335
153885322
154160880
154449211
154765713
155074834
155391757
155676318
155955182
156262138
156565225
156897319
157266035
157664588
158028283
158396100
158787596
159149031
159520309
159883633
160248359
160609674
160928760
161320780
161683326
162036056
162380977
162716500
163023367
163324260
163652562
163974250
164315240
164658080
164995804
165345617
165701261
166058260
166436640
166837975
167274155
167697128
168176723
168619521
169006110
169395266
169803789
170167811
170483891
170849419
171201417
171611659
172047771
172481707
172909852
173377921
173847028
174366585
174811890
175340323
175840306
176322343
176803032
177292012
177807552
178289719
178814387
179274720
179675956
180052523
180427967
180775989
181134452
181499574
181841439
182207811
182600013
182997585
183393328
183762950
184149794
184573016
185030938
185408047
185797148
186225202
186627113
187070556
187591804
188104730
188644089
189134912
189557467
190034462
190461739
190894521
191337227
191859041
192496145
193140511
193823978
194372844
194918749
195596032
196289313
197014459
197804246
198422720
199077011
199588904
200214642
200915725
201612619
202381164
203064964
203802274
204409923
205033698
205774052
206491282
207240500
208093734
208845759
209478065
210072091
210690969
211333000
211919392
212516551
213206419
213994461
214681029
215405000
216040241
216693900
217343862
217986184
218607978
219250652
219850857
220442451
221122049
221758368
222345076
222865290
223410285
223959670
224518648
225086244
225645033
226216350
226836483
227431660
228077888
228781421
229443252
230074712
230724393
231352296
232000020
232665235
233285136
233888530
234507503
235093442
235672666
236277092
236882780
237425757
237959135
238517815
239153814
239877990
240606318
241396033
242157422
243073535
243910506
244695598
245534510
246371221
247075275
247659350
248406079
249134763
249849823
250603790
251361220
252206048
252991335
253695666
254552344
255345300
255909843
256538417
257473308
258375244
259160612
259806360
260570656
261349864
262247959
263281564
264417971
265561716
266713501
267567040
268486625
269352954
270169961
270963517
271739104
272351000
272920522
273518789
274062821
274515936
274872366
275203336
275554698
275993386
276438071
276911497
277382706
277808064
278265324
278717794
279158443
279637707
280147500
280675086
281206529
281765000
282300921
282833712
283461373
284064668
284648037
285161499
285682067
286192532
286661679
287204188
287718361
288233464
288706536
289212002
289771471
290325575
290810892
291319111
291825802
292296561
292895452
293663401
294388421
295135845
295969208
296701020
297447152
298115981
298842085
299542890
300144885
300790702
301387812
302007266
302560481
303038291
303522181
304046170
304644890
305283684
306073711
306916150
307825257
308825384
309684809
310537500
311541166
312405000
313344744
314222334
315187300
315776349
316481276
317435501
318366205
319445863
320638064
322338915
323534288
324897366
325718395
326342978
327310633
328230769
328900758
329546356
330398930
331343778
332364811
333151637
333868460
334513691
335074953
335799466
336489685
337270518
337833226
338394287
339026275
339834212
340403231
340984004
341591126
342227995
342822998
343293964
343756042
344278999
344773636
345351047
345966766
346548854
347266928
347964027
348604213
349239710
349891348
350391625
351028568
351743336
352353103
353113549
353986010
354929638
355867965
356946122
357979333
358984161
360056190
361109798
362001589
362941903
364263084
365753737
367346036
368851374
370232953
371699774
373047954
374131663
375098329
375887700
376728094
377752762
378845811
379932665
381031717
382010722
382992352
383861234
384695910
385526177
386613889
387655694
388720495
389715660
390763213
391699314
392260601
392635355
393426820
394676690
395750445
396763323
397577803
398552542
399645060
400968496
402110568
403273498
404476328
405694550
407122021
408595554
410181363
411981979
414352831
416232418
418094143
419875427
421305496
423566024
426331022
428822497
431023520
432917878
434692539
436795291
438613663
439925271
441807776
443974824
445606684
447559675
449607500
451544557
453755386
456641351
459223233
461751763
464323580
466941107
469680283
472174018
474766822
477096597
479129763
480915385
483074189
484794964
487365875
490040242
492572887
495763557
497995609
500729193
504348258
508854428
513774677
517788865
522648276
526644113
531321334
536627845
542606093
547306845
552157796
554037120
555348774
557738939
561474166
565808353
570985776
575927623
582297410
587752436
594602922
599740263
605314927
609231122
614822836
620198899
628711895
641638040
653148183
659309487
669187477
678180153
686376648
689337845
692121740
695830274
700131560
704132879
707068432
712425630
716402740
721723037
726137463
728699858
730371107
732292680
734256059
736287564
738079047
739999327
743623048
745963155
748412821
752122289
756114234
759044494
762576162
766022533
768545873
770297770
771557353
773238898
774645276
775658388
776859959
780045184
783332288
784699231
785725718
789404180
794152082
797866310
799580079
801127974
802367463
804800188
806728153
810210328
813585978
816554999
819114067
823539538
827661547
831199041
834257080
836607114
839455019
841259491
843855282
846217435
849276738
851265367
853156818
854740407
857023983
859245748
861711010
865483359
871498048
878144664
883136550
884009029
892163929
899173162
904271452
912556784
919407608
929402106
940238435
949683615
958674233
963556661
971161148
982817383
988223644
993487912
998773687
1002949331
1004870457
1008783958
1013966279
1018366219
1023693025
1028454791
1033629044
1037751405
1039711648
1043422351
1048964590
1054155066
1059246876
1064311473
1066535660
1067791666
1068229270
1068629164
1069239795
1070648368
1072704754
1076823268
1082509709
1089672738
1098788971
1103588186
1104427993
1108932811
1117686137
1122012994
1124517651
1127203856
1127968777
1132543095
1136977587
1141160032
1145192845
1151754861
1157598340
1160286698
1162075336
1164844490
1170213566
1175690947
1182616666
1187417258
1193301003
1195008520
1197027382
1199061459
1200824813
1202512501
1203728672
1204837094
1205740841
1206493914
1207616314
1208838863
1209502517
1209980333
1210546755
1211164450
1212203452
1214142763
1216060139
1219916951
1226237636
1231334478
1237165305
1242403672
1245326493
1247628095
1249212571
1252340401
1255971609
1259817941
1264829600
1268291076
1270834563
1273706964
1277026493
1281552055
1286288115
1291054971
1297110340
1300816291
1303610229
1305492390
1307090170
1308340443
1309825490
1311716159
1313959960
1316090864
1319357357
1322530798
1324930373
1327034320
1328589414
1330550766
1332816330
1335654710
1338300432
1340599160
1342401720
1345144217
1347887230
1351344220
1354032650
1355126993
1356079550
1357541037
1359433400
1361926081
1364820680
1367278830
1368427818
1369218050
1370833683
1373112330
1375614605
1378378657
1380073834
1381770160
1383648995
1384550206
1385549876
1387112397
1388607039
1389930420
1391479540
1393396927
1394601270
1395492536
1396165334
1396631880
1397271835
1398098018
1399036830
1399795850
1400810600
1401656086
1402597580
1403571830
1404492038
1405446250
1406691790
1408201870
1409357958
1410679490
1412547712
1413512000
1414606713
1416898793
1419612122
1422583990
1425121613
1428511852
1432137008
1436118835
1440159480
1443520410
1447252150
1450612047
1453696357
1457682614
1462182741
1465791124
1472635461
1481676494
1491136255
1499901986
1508531511
1513310475
1523583034
1530333973
1556305376
1603531095
1653542960
1674553362
1687019036
1699062759
1712456429
1725468142
1732201890
1739544955
1746024804
1747713331
1750190104
1754519508
1758500467
1764004235
1774300688
1800000000

