[pgcg-header]
dim=10
srccount-lat=3771387444
srccount-lon=3771387444
gridcount-lat=1024
gridcount-lon=1024

[pgcg-lat]
-656425719
-487233753
-455556446
-438989530
-426622713
-417267109
-410937006
-398852493
-389317788
-381992566
-378725546
-374416933
-368835446
-362420624
-353032835
-347860720
-343051842
-339243471
-334731466
-330653435
-322483247
-315354503
-304453515
-301095363
-300020297
-297959519
-296406783
-293909811
-291581488
-288205001
-280625393
-274461036
-269373716
-264790133
-260844772
-256328671
-249657619
-242671203
-236583319
-234756934
-230166798
-225742717
-220512112
-213928730
-211056971
-207708702
-204176639
-201653063
-197739583
-193319438
-190097090
-187204632
-182698603
-178549133
-175660214
-170929220
-166065479
-162187341
-158695284
-154940265
-148935222
-141637975
-134159194
-125363825
-116790320
-108047210
-97127867
-90831500
-85649956
-81468042
-78248366
-75851309
-72586814
-69703943
-67814886
-62642938
-55445379
-50760711
-44082922
-38874988
-34126956
-28644961
-21446668
-18051387
-15751008
-13616883
-11714615
-9213508
-4190286
2643062
9690611
15225796
27572793
35417297
38905604
40781362
44700637
48332399
51303067
53907617
56226072
60402598
62877595
65149558
68572539
70635073
72842828
76341613
78860299
82180596
84715634
86910234
89134962
91284169
93917626
96705683
99619934
102424305
104336009
106178002
108138276
109893119
111826114
114244090
117221496
120089006
122206957
124709332
127662232
129745536
131298821
134629557
137446887
139472977
141514358
143804043
145207004
146492676
148468205
151326767
154761175
157971136
161845570
164725654
169026808
173227138
174992853
179526760
181836365
183601274
184700188
186271928
189693645
192631219
196126448
200269639
205773184
210452932
215924014
221919752
225030073
226938518
230092415
232454428
236620813
240704839
245157249
249189085
252202702
256679379
260547790
264508940
267325200
270452538
273363322
275322915
276726842
277756839
279055547
280287852
281546536
283230836
284566572
286022592
287898083
291087128
293069974
294952602
296602268
298001017
299519162
300800410
302231085
303318570
304120204
304968796
306333066
308193801
310123871
312030160
313419442
314849577
316249731
317662082
319012368
320435848
321766090
323140170
324374061
325495090
326576632
327324357
327964560
328570954
329313750
330189350
331294850
332275747
333180971
334084980
334836890
335525802
336179280
336879720
337554309
338008595
338434734
338838613
339190865
339529716
339829560
340128678
340405514
340655290
340900580
341175896
341496310
341833704
342210040
342656731
343222434
343905781
344475783
345032634
345678720
346320937
346775987
347151153
347614030
348112002
348582727
349113798
349587040
350012700
350428780
350896700
351296800
351669164
352121241
352571690
353015380
353442690
353859511
354250699
354631567
354999480
355432504
355967419
356462111
356923320
357370780
357901190
358429420
358937960
359420291
359968170
360554760
361112433
361695044
362303618
362932265
363534090
364182619
364873350
365492155
366024430
366551834
367042281
367419060
367796890
368206507
368613216
369053210
369558130
370070261
370524289
370963270
371416774
371931664
372456103
372981374
373514690
374020800
374555170
375054279
375551208
376074338
376657077
377243757
377651962
378123240
378772250
379371185
379861518
380310030
380811041
381345130
381877963
382378265
382919268
383607539
384296687
385012834
385677080
386330557
386917156
387486157
388031992
388600265
389079023
389504439
389975380
390515634
391087941
391667910
392257384
392751430
393158680
393595336
394067996
394600850
395146630
395692720
396249715
396800856
397345071
397821587
398351288
398863582
399303210
399720900
400161650
400669397
401169181
401658952
402176640
402703490
403158651
403624123
404072176
404488168
404948451
405416238
405843290
406216242
406537812
406839900
407124032
407380494
407646985
407934959
408268762
408595959
408942834
409329040
409740995
410144196
410590650
411021350
411463440
411966210
412465688
412944843
413411060
413916805
414413311
414933426
415445916
415898364
416316918
416679585
417008614
417338420
417657250
418003160
418401050
418809900
419179270
419506277
419906650
420303600
420667397
421003400
421342093
421699400
422071091
422453580
422812924
423174232
423531731
423923404
424337330
424724909
425127070
425521535
425897350
426272038
426637415
426990158
427374689
427774782
428150160
428533566
428896190
429301346
429696783
430057206
430389340
430691424
430961156
431211230
431476018
431784437
432069631
432370938
432676837
432940480
433182750
433432547
433714200
434022769
434340953
434627484
434929695
435235873
435518167
435781332
436042100
436298318
436556060
436823793
437089430
437392630
437714110
438025887
438331932
438625665
438935201
439250387
439568182
439931099
440282460
440575700
440885810
441204329
441547701
441891414
442235537
442594254
442945282
443282340
443604670
443913547
444185700
444479904
444792237
445082790
445392714
445691781
446032918
446348780
446645440
446967913
447276205
447567236
447848605
448119075
448367625
448602290
448867558
449137948
449409721
449692724
449995911
450311712
450583780
450892978
451240043
451549697
451863546
452169243
452470798
452761687
453047435
453333355
453603147
453865134
454099387
454326878
454534240
454740230
454934750
455119441
455290307
455466793
455659927
455866860
456064901
456272551
456467466
456662527
456857480
457053711
457256500
457454019
457639070
457818042
458006063
458197602
458381320
458576780
458784286
458994536
459218939
459448611
459680872
459927261
460187764
460436760
460663354
460887935
461114850
461339310
461549375
461751176
461946656
462164877
462391989
462630196
462893182
463150530
463405100
463662894
463954089
464255914
464552405
464827068
465097710
465370550
465632490
465912678
466202526
466471825
466750310
467032650
467306589
467572510
467819519
468054161
468273298
468502843
468761187
469039818
469330534
469586929
469846101
470110618
470389911
470648415
470913099
471165120
471412559
471667307
471907892
472120893
472328978
472537112
472735721
472936469
473162909
473381111
473594908
473817993
474022380
474233401
474457520
474683510
474893722
475106621
475316281
475542954
475763486
475985420
476217942
476447212
476657771
476862786
477065183
477279861
477500720
477718644
477945390
478146891
478369500
478593660
478800580
479013222
479217035
479424914
479636708
479842370
480020432
480201876
480398213
480588593
480773106
480957202
481140370
481328458
481515729
481700778
481878174
482056359
482241030
482434515
482631802
482828395
483026302
483232460
483445253
483640142
483836023
484024116
484211365
484392386
484571883
484761530
484965550
485161802
485340879
485539360
485720826
485903489
486092274
486277413
486464051
486653461
486836864
487009573
487192900
487381572
487568630
487746059
487932883
488100200
488267119
488447965
488618383
488793150
488967259
489150308
489340485
489526706
489718744
489911975
490095425
490286270
490477144
490677075
490885101
491088416
491294363
491495071
491699122
491901017
492086065
492257513
492440345
492631056
492838290
493032325
493236390
493449107
493648541
493859982
494065507
494267777
494472162
494681628
494879694
495080269
495279795
495486720
495703770
495927690
496156239
496393197
496618348
496851339
497084917
497321533
497545295
497770580
497988196
498206737
498419211
498626763
498832136
499037088
499252294
499470364
499681952
499885456
500077710
500264803
500451404
500631983
500816953
500995180
501186253
501388934
501597210
501812853
502031680
502264540
502491736
502715517
502924130
503130038
503349488
503566916
503775800
504002355
504210160
504403570
504594458
504785649
504989689
505206717
505426114
505657985
505874542
506087668
506290340
506489548
506684316
506875062
507078268
507271404
507454477
507655411
507846269
508042305
508217743
508391153
508554005
508710749
508869811
509042000
509207856
509377238
509543995
509716552
509889897
510069732
510261064
510446700
510629047
510822266
511008092
511185057
511361536
511549219
511740944
511935469
512115210
512306827
512507187
512697637
512896474
513093822
513289777
513489271
513672704
513865410
514070816
514261910
514444339
514614890
514781473
514936604
515096106
515260545
515433300
515624855
515797119
515969230
516183787
516407432
516607195
516818014
517051247
517293603
517506179
517716158
517942625
518149095
518335785
518535109
518752522
518945839
519157214
519355204
519547829
519754816
519957747
520159568
520357507
520554249
520750090
520919874
521118067
521330155
521517406
521718947
521930601
522110905
522282662
522467481
522654932
522845942
523032373
523237274
523450256
523640076
523822531
524005406
524193665
524407675
524616335
524851896
525062434
525264608
525504072
525766060
526045187
526327513
526604426
526882545
527190833
527525615
527887487
528283664
528653844
529009075
529348879
529677289
529992682
530313877
530627429
530912697
531176884
531444049
531695840
531956478
532217582
532499039
532797761
533104369
533408036
533730365
534042873
534373608
534705529
535065279
535417540
535745109
536092264
536512604
536936663
537344240
537745231
538148129
538535160
538923863
539312583
539732072
540202775
540679799
541096180
541569815
542031700
542535753
543013530
543436526
543902674
544435094
545018754
545622253
546262820
546879660
547509787
548138887
548777281
549330849
549872453
550438976
551028838
551595765
552173724
552834531
553496800
554093874
554683548
555192486
555742869
556250337
556734822
557202709
557647395
558128571
558591470
559065730
559513118
560007546
560625823
561260421
561829103
562431758
563077326
563782200
564557363
565323807
566219724
566960128
567843367
568681321
569576144
570494520
571546330
572746361
574029593
575185411
576394383
577370055
578558080
579862744
580833891
581947824
583128460
584057580
585168529
586237963
587400093
588546747
589915688
591211711
592322563
593205309
593982976
594911430
596078321
597135164
598144740
598982814
599667369
600499870
601487512
602243915
603080728
604027795
604963832
606008505
607002571
607943818
608913876
609795630
610590162
611426013
612348250
613331153
614450760
615402996
616570636
617927298
619352896
620952363
622316538
623953580
625492525
627064395
628662537
630349791
632012304
633914039
635602038
637373080
639180885
641322480
643667249
646002041
650153551
655797144
660518480
665311573
669388639
675208155
681308456
686904090
690499394
694306109
703088129
728160000
900000000

[pgcg-lon]
-1564390355
-1400759323
-1360828586
-1333922195
-1311526904
-1286534586
-1262599924
-1249031252
-1242030236
-1238583890
-1235997615
-1233744942
-1231598178
-1230071190
-1228679232
-1227511571
-1226339500
-1225198663
-1224346441
-1223559692
-1222787664
-1221964183
-1220814800
-1219393491
-1217345060
-1215122970
-1213118380
-1211061996
-1208919538
-1207016075
-1205317899
-1203342820
-1201118075
-1198220520
-1194843413
-1191245859
-1188808677
-1185846585
-1184734220
-1184053583
-1183521860
-1183030031
-1182477859
-1181881971
-1181312528
-1180704497
-1179643651
-1178067830
-1174429392
-1170913870
-1166830470
-1162182220
-1156706620
-1150556570
-1144096130
-1139580726
-1135354188
-1131858618
-1125349440
-1120573582
-1117782474
-1113516609
-1108561124
-1101902970
-1095461842
-1089830247
-1083840720
-1077829557
-1071743121
-1067236130
-1063696256
-1059667772
-1054813136
-1051016438
-1048452231
-1045263838
-1037257600
-1030329155
-1023273331
-1017383320
-1012011218
-1007289727
-1003029386
-999123520
-994813298
-991258020
-987556575
-984488010
-981597571
-979343979
-978023568
-976981350
-975387370
-973228143
-970998124
-968944057
-967828359
-966440066
-963926274
-961075300
-958408809
-955805953
-953261526
-950377746
-947532180
-944977206
-942487487
-940371400
-937892370
-935599700
-933079080
-931125918
-928666655
-925816340
-923028770
-919896796
-916732935
-913382875
-909925906
-906710360
-904095000
-902065557
-900677169
-899118682
-897380569
-895818123
-893803859
-891646800
-888821600
-885197640
-882078446
-879755258
-877910808
-876905602
-875828010
-873108143
-869892345
-867050236
-864176095
-861829759
-859689763
-857895244
-856461790
-854941550
-852562360
-850172257
-847744697
-845922049
-844884316
-843952611
-842860140
-841586050
-840214490
-838588063
-836970112
-835587284
-834115489
-832688510
-831200811
-829719053
-828094630
-826567904
-825106133
-823755368
-822119511
-820299671
-818779165
-817259350
-815851215
-814512194
-813059160
-811643260
-810074001
-808598040
-807318123
-806069931
-804697226
-803561526
-802444660
-801428580
-800364558
-799134960
-797810317
-796373253
-794788860
-793441780
-791817150
-790194819
-788601559
-786965606
-785702669
-784042317
-781873589
-779640916
-777636233
-775414673
-773702070
-771902388
-770451054
-769365074
-767914044
-766749708
-765879445
-765046783
-764078201
-762646106
-761235522
-759643770
-757849728
-756404991
-754678710
-752235740
-750088477
-747726423
-745227321
-742842539
-741322281
-739998474
-739020076
-737962123
-736514611
-734292126
-732708341
-731236248
-729805651
-728001783
-726358053
-725051732
-723320170
-721657340
-719356425
-717614593
-715988100
-714725994
-713638181
-712616814
-711621676
-710726480
-709701900
-708591477
-706992260
-705074869
-701879070
-698565647
-691615313
-685807449
-679923679
-674742295
-669901893
-665711518
-661675722
-659754661
-656053743
-652504489
-649247316
-645987627
-642227789
-637698513
-634288286
-630627573
-626047769
-620148336
-615048803
-610848859
-606774943
-598130344
-588272735
-582344547
-576046856
-570364615
-564125181
-558868539
-551679320
-544804934
-537796806
-531001341
-518498898
-511726090
-506019994
-495585534
-490535272
-482385647
-467876936
-463718910
-441704170
-428409286
-405396438
-382206361
-287018272
-179618983
-164028603
-147934128
-130871450
-121157564
-109580093
-100770933
-94473400
-91482232
-89088729
-87092025
-85454368
-83943357
-82063395
-80000049
-77933089
-75510869
-72739326
-69234364
-65695725
-62944796
-60370060
-57288219
-54871023
-51394980
-47800967
-45455622
-43636630
-42138758
-40844621
-39779216
-38431998
-37154069
-36031008
-34897718
-33594491
-32307381
-31353537
-30371994
-29445349
-28185233
-27147645
-25961632
-24816125
-23844890
-22804981
-21913658
-21167984
-20484566
-19826299
-19154868
-18485953
-17833559
-17115940
-16471770
-15886235
-15390390
-14925264
-14397010
-13794201
-13109341
-12447595
-11805500
-11224041
-10637220
-9945900
-9195820
-8441486
-7677591
-6967075
-6337800
-5839911
-5309430
-4757760
-4174236
-3616149
-3079269
-2459498
-1860150
-1225421
-603964
53663
779166
1385360
2007468
2764283
3582858
4405594
5276947
6057270
6825351
7508190
8385299
9271656
10168080
10907759
11583629
12268346
12940800
13623890
14295420
14947578
15732819
16483070
17352828
18270165
19035540
19831689
20524380
21160676
21737540
22277112
22743190
23193880
23621710
24072219
24526870
25013170
25527279
26103271
26722471
27402504
28038521
28686157
29353720
30019153
30601193
31135430
31705920
32324160
33046420
33902160
34779662
35607587
36586490
37562654
38521130
39277998
40089065
40748708
41430366
42216455
42856796
43333330
43734241
44190659
44675126
45140126
45676517
46153077
46508100
46846612
47203000
47553825
47882526
48186810
48485612
48791618
49147429
49539892
49956594
50366816
50724603
51105877
51533371
51952670
52379462
52820990
53275250
53709864
54088109
54467088
54862270
55311661
55754400
56200165
56624910
57048711
57448340
57862849
58260635
58653062
59019333
59384397
59729634
60061631
60428128
60763013
61084013
61397844
61705559
62072742
62496775
62943637
63449530
63941872
64429190
64863571
65305933
65707051
66075246
66430189
66826812
67249191
67657996
68054358
68464800
68822809
69185238
69547203
69932659
70276643
70634734
71020022
71404602
71788858
72183493
72599407
73036112
73445824
73922014
74436436
74886672
75373654
75854424
76276917
76707961
77177591
77648904
78120999
78616257
79127822
79674371
80180878
80699271
81252905
81812045
82358636
82922199
83461388
83963758
84437782
84877127
85305698
85694232
86078542
86446658
86802017
87170280
87547379
87917146
88310562
88708199
89133973
89554813
89983849
90421043
90874682
91279884
91648893
91993640
92347552
92723474
93109152
93527922
93964564
94400910
94825670
95277185
95762342
96237630
96658504
97060970
97434412
97840869
98372500
98932848
99439425
99942079
100483024
101016472
101554332
102080517
102591752
103152752
103682804
104205748
104717024
105265486
105822363
106358688
106899040
107396939
107904944
108415442
108890857
109349935
109830332
110277899
110749956
111262390
111778167
112296372
112801638
113304789
113781460
114303948
114758519
115154372
115525021
115960432
116432587
116952559
117496833
118021311
118571561
119024242
119501009
120011106
120524176
121000764
121503014
122004910
122493688
122990943
123473911
123976123
124543679
125097838
125703012
126343384
127022888
127755829
128456871
129141558
129826218
130449938
131016322
131614927
132182614
132747174
133254250
133773872
134281090
134827767
135370145
135938517
136489066
137069229
137591472
138080020
138611349
139157121
139726335
140318560
140890115
141480787
142068749
142613876
143120399
143611286
144151460
144671545
145151396
145674954
146290513
146889796
147541535
148244126
148915189
149595653
150257571
150827633
151452579
152107422
152693161
153321185
153982822
154570577
155206097
155791150
156388890
157036420
157813399
158556455
159286535
160008126
160714424
161438405
162129110
162791249
163389377
164028374
164707859
165387096
166091864
166864920
167703863
168609823
169372778
170153020
170834902
171589263
172444886
173334131
174287986
175231803
176207494
177167863
178146888
179111453
179901049
180611846
181325947
182025681
182792161
183553221
184298234
185172172
185923325
186728865
187697936
188746500
189649459
190530018
191410132
192589245
193918800
194990800
196364889
197860275
199111463
200224768
201588878
203015713
204426240
205779635
207219622
208810921
210021290
211268603
212461424
213905490
215320960
216616182
217910222
219180124
220395180
221752553
222904438
224074126
225300479
226582503
227883953
229351433
230730727
232170897
233555948
234871139
236109129
237342480
238513879
239972919
241608530
243421912
245109504
246745389
248102405
249575567
251096425
252774872
254270460
255752721
257146250
258904193
260301380
261959136
264125832
266507441
268470336
270398942
272119376
273578242
274695121
275499580
276604710
277713506
278799512
279968055
281171597
282384092
283840978
285286667
286676481
287987700
289226757
290626382
291921757
293679067
295795297
297760686
299752300
301367767
302824161
304035105
305615576
307719947
309691160
311584919
313552590
315515208
316956652
319069912
321684900
324538278
326249076
328181255
329463720
331217094
333038985
334454032
335927607
337588204
339019526
340656258
341999653
343172506
344167880
345209291
346371525
347770685
348991577
350203130
351576659
352948801
354887314
356950203
359057321
361331054
363209557
366265511
369363664
372203232
374518936
376145934
378090782
380305219
382403814
384233486
386046461
388217914
390196617
391995755
392879151
395270840
397212132
399112124
401495960
403806378
406273350
409330424
413093458
417040760
420578387
425034731
430121872
433993512
438024752
440911752
445094208
449060082
453289908
459188855
464717030
470224848
475107160
479518461
483409453
487983809
492996045
498717292
505948061
514862297
524090049
532801091
543980572
552855117
555901539
562326514
571997300
583462600
595718113
605878833
615523336
630392929
654148530
669970746
686999147
693339662
701344549
708557353
717914051
727016140
730807411
734688191
738408924
744305531
749079243
757104920
763761431
769195995
772042313
774853157
777094573
783484164
785712683
793934525
799498068
802236495
806890002
815002192
820921813
829130887
835045091
839862219
844355369
849717122
853311629
857317779
861837646
871731530
883635246
895608148
911828276
929314129
951406543
965138283
983907838
995058796
1003596339
1010095776
1020323467
1030575269
1038627435
1048034184
1059836588
1067935986
1071661730
1083055936
1100483006
1104547123
1120006151
1125472658
1128876480
1138558510
1148028440
1159218399
1163628616
1173526963
1186858698
1194769965
1198966588
1202440752
1204854169
1206591186
1208930858
1210032397
1211238403
1214260532
1220529131
1232251274
1243075908
1247830889
1252725177
1260206313
1268829902
1274271370
1282375929
1293245433
1301718730
1305852990
1308589031
1312050926
1316496060
1323337850
1327342220
1330872866
1336082500
1340785723
1345164650
1351265147
1355093055
1357479614
1361800645
1366944505
1369013001
1372570840
1377641531
1381548840
1384414624
1386738210
1389565229
1392862504
1395238787
1396514173
1397872865
1399584330
1401418420
1403245940
1404993439
1407502650
1409919880
1413006376
1415205231
1420393111
1426752450
1433726908
1442791396
1449309581
1455981110
1463772203
1475945696
1494402792
1510331158
1527589509
1581691173
1664702331
1688857394
1711574118
1730609006
1744636060
1748834488
1756533076
1766198689
1800000000

