[pgcg-header]
dim=9
srccount-lat=3950179565
srccount-lon=3950179565
gridcount-lat=512
gridcount-lon=512

[pgcg-lat]
-492357724
-437504820
-415220448
-396153517
-381048520
-371623240
-357404196
-345405274
-337301667
-327564515
-309402539
-300525007
-297182406
-293522045
-288157785
-274854897
-265068795
-257083099
-245674205
-235594128
-228135130
-217918220
-210399679
-205122997
-200817500
-194625232
-190020498
-185657036
-180102389
-175817819
-169694228
-163499334
-157738517
-146973118
-133134528
-116719731
-97616494
-86144184
-78823980
-72734117
-67975933
-62488584
-55170062
-44810301
-35295115
-26314547
-18061371
-13675414
-9373058
1247418
14101328
31934274
39993421
46176406
52328972
57761200
63321619
69029921
72747746
78703236
84470496
88855037
92214687
97178769
102707889
106329127
109976548
114285805
120099731
124522360
129650195
134146571
139030970
143120117
146024870
149572547
156032869
162927588
170446966
176155204
182599293
185279345
191199817
198106262
208021359
218987128
225864964
230939480
237591679
245996567
252597568
260931948
267652167
273193879
276666066
279044541
281549656
284495959
287733709
292834996
296354360
299388752
302143020
304058078
306221820
309923412
313229022
316060677
318823090
321536134
324201502
326492580
327850358
329187590
331182120
333131666
334823012
336194960
337603798
338508410
339272220
339922053
340500426
341026496
341657826
342463366
343686350
344868566
346156428
347054888
347972440
348968300
349932925
350827040
351628450
352558927
353467175
354298650
355064779
356055300
357012209
358034170
359075954
360187618
361332090
362575335
363803617
365174279
366305399
367266723
368049370
368902950
369943613
370872512
371842091
372915860
373943565
374992500
376031770
377195595
378069671
379304913
380233274
381268293
382333360
383574115
384987911
386216136
387407009
388540550
389479811
390491950
391612876
392729084
393602190
394641380
395745378
396880030
397908410
398965190
399822640
400810063
401814441
402865040
403817470
404681298
405615250
406377824
407004878
407542890
408157215
408843980
409644369
410497360
411359242
412371023
413325025
414330110
415375997
416285178
416998804
417657608
418407867
419189282
419939182
420710671
421397498
422149050
422889677
423617610
424437518
425242968
426035146
426776477
427546721
428321421
429071166
429871079
430540620
431093115
431652693
432260714
432858516
433360854
433945500
434572678
435186788
435750386
436284897
436826500
437398999
438002018
438596245
439225109
439910462
440570541
441209190
441911074
442617818
443315270
443948867
444527220
445133698
445749186
446398420
447028507
447624963
448174623
448657799
449197623
449768196
450380001
450987276
451642226
452271007
452874219
453456398
453969253
454415845
454824209
455202534
455561150
455977165
456396150
456797235
457209480
457611400
457989735
458375100
458786198
459228420
459696004
460214490
460694760
461143118
461574720
461965820
462396157
462863269
463346545
463878433
464480847
465043890
465593129
466170770
466730577
467296420
467820230
468284676
468789096
469370820
469897098
470453448
470982150
471490891
471987490
472408242
472819040
473266998
473705321
474129865
474586257
475023275
475468473
475923188
476396348
476824785
477246230
477696608
478136172
478592954
479024105
479451575
479872525
480247160
480645693
481023511
481410032
481786058
482152094
482547722
482957800
483387213
483792730
484175340
484544911
484946790
485333704
485723115
486103132
486483766
486862782
487231871
487613682
487986120
488336066
488695942
489055010
489440502
489838202
490220360
490617431
491040917
491457760
491874342
492241866
492622820
493033190
493459180
493882812
494302674
494725633
495133960
495556643
496013800
496489496
496958818
497435380
497891426
498337673
498761810
499191071
499637266
500045569
500431139
500807476
501186224
501607991
502054904
502524189
502956472
503390233
503823100
504254048
504642897
505054456
505502781
505953046
506370594
506768313
507171780
507557870
507955031
508316825
508647268
508982125
509324527
509672794
510035132
510418062
510800710
511170507
511536525
511925298
512302442
512707187
513116409
513521982
513910668
514313654
514670757
514992389
515327227
515709332
516078129
516521817
516951077
517432716
517869555
518289735
518709661
519126157
519526278
519943682
520354003
520754711
521133261
521538521
521958131
522317084
522698563
523087286
523513036
523892360
524289954
524723371
525157415
525637124
526200640
526758065
527390523
528137226
528912339
529599870
530250280
530871154
531415680
531937364
532486566
533102510
533743815
534401812
535113355
535807110
536618182
537449887
538277406
539063245
539911220
540854236
541773875
542770968
543647333
544741311
545986402
547233411
548541762
549678040
550819346
551990897
553332802
554553374
555658348
556669943
557585372
558543252
559477175
560587203
561813675
563088010
564605254
566311331
568000106
569743870
571757186
574278225
576623575
578881483
581100220
583455699
585396014
587657813
590258163
592586932
594261407
596473944
598525692
600060722
601914397
603628244
605600017
607559724
609489653
611109813
612869995
614907925
617149952
620160885
623178727
626372822
629734595
633244233
636704721
640521232
645238570
653588339
663782976
673394228
685518709
691249935
702061194
900000000

[pgcg-lon]
-1400823784
-1330541135
-1281192867
-1247258958
-1237811268
-1232907210
-1229406288
-1226864100
-1224655155
-1223090678
-1221421247
-1218482144
-1213955699
-1209748045
-1205980093
-1201697313
-1195655865
-1189200110
-1184755861
-1183491469
-1182385909
-1181194152
-1179182780
-1172698449
-1164724365
-1153524393
-1141323761
-1133951431
-1121548202
-1114956011
-1103683620
-1091236846
-1079194030
-1067787078
-1059976412
-1051053511
-1045187942
-1029691328
-1016631959
-1006291699
-997901890
-990074158
-983285540
-978594430
-976238976
-972148980
-968362738
-965308500
-959484710
-954001213
-948030864
-942870912
-938180343
-933171714
-928636420
-922779380
-916204754
-909086710
-903398912
-900029860
-896516380
-892485379
-886361234
-880372660
-877080293
-873537980
-867219718
-861854051
-857800412
-854658933
-849661070
-845592716
-843611770
-841038929
-837746333
-834726624
-831725170
-828546660
-825379690
-822343960
-818861460
-815876158
-812965081
-809851380
-807040710
-804281466
-801991346
-799736148
-796926313
-793881631
-790492912
-787100983
-783990390
-779426890
-775134085
-771549307
-768963170
-766472847
-764717361
-762134999
-758918061
-755908790
-751631320
-746860032
-742108781
-739532705
-737411767
-733395784
-730566930
-727041280
-723973276
-720076902
-716411839
-713967164
-711824797
-709875925
-707118844
-701942522
-691424494
-679565427
-669529431
-661522773
-655702509
-648981018
-641825699
-634048670
-625501307
-614547596
-605135239
-586896416
-574648462
-562323317
-549326367
-537650187
-519164944
-506650842
-491338420
-471583341
-449190301
-414088798
-357663294
-167803419
-136258076
-114845005
-96449972
-89982052
-86045132
-82701839
-78588730
-73478150
-66453552
-61095526
-55588022
-48587816
-43983727
-41068511
-38799054
-36399635
-34098947
-31732573
-29802216
-27464691
-25147714
-23124939
-21362559
-19966706
-18609166
-17234333
-15963518
-14978890
-13841440
-12479875
-11249470
-9950045
-8412120
-6912924
-5770650
-4648659
-3494760
-2303609
-1047963
296394
1595513
3105160
4761476
6418776
7943238
9731657
11269910
12589421
13955837
15360034
17002962
18758860
20305753
21569930
22636290
23556698
24481541
25517570
26752611
28097522
29448205
30705606
31863540
33281146
35029470
36903431
38773770
40337416
41737737
43092303
43949268
44924802
45982350
46732628
47478570
48131570
48749325
49509943
50360033
51123817
51995741
52880128
53780773
54569670
55454367
56354520
57235949
58077343
58873666
59616276
60328440
61020748
61661760
62463546
63442759
64452820
65360565
66154882
66950592
67801484
68620256
69366150
70115123
70870253
71656081
72469501
73338858
74329536
75283355
76206534
77095439
78044802
79061157
80118794
81184607
82308627
83444522
84445231
85329401
86121145
86859098
87627398
88421241
89259463
90122247
91045057
91805161
92526398
93310515
94205100
95087186
96065457
96936147
97701840
98793418
99825442
100912829
101990602
103084213
104160138
105233950
106350657
107414795
108457124
109392702
110330625
111339488
112397652
113416295
114439934
115279005
116140897
117192267
118290864
119268681
120314772
121276609
122284652
123273397
124290464
125429814
126714695
128168127
129551242
130785212
131963318
133069636
134113295
135191840
136284766
137407067
138435906
139543567
140728265
141896512
142970050
143976598
144987709
146068816
147261776
148640554
149943840
151092739
152333421
153560950
154765379
155954870
157265588
158787188
160247929
161682910
163022988
164314869
165700812
167273607
169005550
170483489
172047229
173846489
175839737
177806884
179675566
181133962
182599574
184149313
185796622
187591182
189556895
191336693
193823200
196288411
199076255
201611721
204409151
207239578
210071350
212515861
215404130
217985377
220441691
222864679
225085625
227430889
230073930
232664430
235092749
237425116
239877122
243072317
246370218
249133674
252204867
255344420
258374241
261348890
265560004
269351989
272350243
274515445
275992879
277807577
279637094
281764300
284064019
286191949
288232867
290324900
292295899
295134820
298115086
300789978
303037637
305282711
308824354
312403735
315775720
319444080
324895967
328229668
331342372
334512776
337269634
339833166
342226956
344278241
346547808
349238693
351742375
354928435
358982619
362940434
368849446
374129965
377751453
382009296
385524843
389714212
392634744
396762156
400966940
405693116
411978650
419873296
428819533
436793178
443972501
451542173
461747678
472170519
480912444
490035965
500724740
517779636
536620391
554034997
565800785
587743379
609221957
641615863
678174478
695825913
712420713
728697512
736284399
745960668
759041384
770295890
775657086
784697422
797858128
804795696
816551758
831194947
841256071
851263157
859242598
878134046
899155794
929393579
963545894
993476962
1008776312
1028448764
1043415700
1064307588
1068628738
1076815681
1103586549
1122010616
1132539956
1151748393
1164839786
1187410433
1199059110
1204835732
1208837835
1211163062
1219909017
1242395948
1252333158
1268287127
1281546366
1300810710
1308338280
1316087226
1327031647
1335650627
1345139517
1355126004
1361924002
1369216412
1378375350
1384548910
1389928543
1395491455
1398096443
1401654927
1405444600
1410676070
1416894860
1428506228
1443518298
1457677864
1481662966
1513296665
1603468081
1699041297
1739537555
1754513976
1800000000

