[pgcg-header]
dim=12
srccount-lat=3950179565
srccount-lon=3950179565
gridcount-lat=4096
gridcount-lon=4096

[pgcg-lat]
-770982329
-715977029
-679069092
-652622046
-556314702
-544033360
-514940595
-492357735
-467940157
-462058998
-458467348
-454974834
-451005943
-446321564
-441285902
-437504831
-434706906
-430709430
-427931710
-424823126
-420875495
-418615690
-417619811
-415220455
-413474551
-412591129
-411333116
-409616574
-406944133
-403243997
-399337466
-396153519
-393947521
-390968270
-388730412
-386485900
-384196816
-382570624
-381726964
-381048516
-380063467
-378926362
-378156200
-377273139
-376137499
-374800664
-373135200
-371623240
-369811604
-368939083
-368176246
-367081582
-365416919
-362758802
-360298761
-357404194
-355032020
-353055061
-351409851
-349809263
-348760253
-347828506
-346534756
-345405268
-344236964
-342982108
-341583240
-340509743
-339978572
-339248059
-338363618
-337301667
-336000813
-334688530
-333950746
-332987652
-332085493
-330534468
-329269939
-327564525
-324765771
-322125726
-320057989
-318780314
-316909057
-314901738
-312849242
-309402554
-306124018
-304297880
-303216372
-302170346
-301525987
-301103643
-300791143
-300525009
-300287018
-300016661
-299692498
-299183524
-298612888
-298084350
-297595335
-297182405
-296907137
-296593676
-296192338
-295708949
-295170731
-294574291
-293996212
-293522039
-293065333
-292530478
-291923772
-291387666
-290760238
-290035759
-289107520
-288157764
-287320280
-286148883
-284036710
-281260275
-279031470
-277159179
-275889792
-274854884
-273807391
-272461047
-271385550
-270132886
-268811224
-267699539
-266392301
-265068775
-264341017
-263282146
-262332173
-261237786
-260171448
-259378062
-258594520
-257083041
-255759083
-255109614
-254340477
-253031968
-250952085
-248827566
-246985417
-245674155
-243870784
-242080251
-240379285
-238767632
-237279192
-236234084
-235795555
-235594123
-235231690
-234381647
-233416441
-232781509
-231300044
-229853935
-229040379
-228135104
-226791500
-225387964
-224039670
-223099660
-222034585
-220683209
-219413698
-217918167
-216355674
-214657715
-213672041
-212894434
-212358350
-211718463
-211146096
-210399660
-209765350
-209262344
-208723517
-207847475
-207130653
-206525581
-205891629
-205122967
-204545058
-203848041
-203196191
-202866912
-202423898
-201920789
-201395508
-200817475
-200095423
-199454506
-198638010
-197984626
-197187871
-196229547
-195371385
-194625195
-193940523
-193252278
-192611766
-192001494
-191401268
-190946964
-190440619
-190020481
-189585879
-189203139
-188742404
-188247791
-187690987
-187053429
-186377261
-185656967
-184969003
-184355154
-183659366
-182991526
-182299889
-181539414
-180815849
-180102337
-179406054
-178873534
-178504780
-178128842
-177660935
-177121588
-176501770
-175817747
-175127012
-174453809
-173795991
-173094845
-172144505
-171272863
-170450181
-169694163
-168969277
-168238694
-167470960
-166544276
-165678761
-165019688
-164295029
-163499255
-162698153
-161952774
-161414269
-160763339
-159956540
-159069768
-158379251
-157738482
-156762809
-155681550
-154554781
-153923447
-152558498
-150819212
-149172528
-146972938
-145159057
-143585298
-142008136
-140163825
-138886588
-137106914
-135131702
-133134336
-130562809
-128791626
-127005370
-124551225
-121849565
-120097083
-117445108
-116719664
-115987384
-113583420
-110068335
-107576858
-104698279
-101751881
-99581775
-97616258
-95982414
-94644041
-93465797
-91648539
-89471291
-88322157
-87117813
-86144119
-85424137
-84685869
-83594091
-82643319
-81073797
-80494948
-79842500
-78823898
-78022769
-77570514
-77131606
-76381655
-75443407
-73514753
-73066593
-72734094
-72431660
-71972479
-70901760
-69913670
-69151988
-68664640
-68278705
-67975907
-67405519
-66129526
-65160693
-64241816
-63854912
-63437572
-62886276
-62488555
-62174292
-61919559
-61666136
-61248026
-60422421
-58886282
-56906324
-55169932
-53744836
-52389478
-51575383
-50829103
-49691142
-48232839
-46683877
-44810108
-43784980
-42523067
-41233327
-39927750
-38546879
-37575879
-36596400
-35294946
-34098001
-33382238
-32304275
-30878073
-29580270
-28517920
-27394018
-26314441
-25297053
-24367979
-22956580
-21321135
-20436257
-19562594
-18713512
-18061313
-17399049
-16802411
-16456021
-15933838
-15154412
-14536072
-14095118
-13675352
-13287180
-12885878
-12482668
-11928504
-11135512
-10523804
-9866693
-9372982
-8743794
-7670669
-6477231
-4876695
-3236819
-1850346
-597978
1247668
2684075
3928836
5581378
7773968
9696280
11808720
13179114
14101510
15158130
17802644
22081138
24161838
27251141
28307780
30450436
31934463
33635274
35011463
36235665
37740997
38407406
38752798
39109294
39993488
40327145
40637359
40969748
42186598
43415412
44195872
45236063
46176575
47093980
48030653
48498731
48927980
49670931
50672164
51668614
52329081
53035785
53564716
54115319
54636764
55106092
55685691
56667251
57761463
58957415
59713395
60452823
61319418
61921643
62363953
62817973
63321720
63841461
64579330
65089013
65731719
66694543
67610384
68226555
69030006
69452190
69868696
70288229
70678041
71031897
71478506
72081724
72747880
73668047
74633128
75330890
76156483
76871372
77466187
77994765
78703364
79322839
79988119
80964291
81802655
82606438
83261401
83896505
84470572
84859654
85397598
85935887
86539439
87181179
87671163
88264348
88855116
89331744
89752443
90109580
90503217
90911762
91313671
91765512
92214785
92675274
93246511
93773459
94423041
95195772
95693339
96427913
97178918
97903307
98653733
99338742
99997369
100615837
101376187
102070391
102707990
103285992
103732444
104138098
104587476
105027915
105572378
106019010
106329195
106719517
107225453
107746864
108304976
108727949
109135925
109549374
109976637
110388822
110823559
111368345
111886444
112457871
113047343
113576941
114286016
115093666
115729561
116456612
117270361
117975411
118619226
119452971
120099869
120651158
121105219
121623856
122182835
122771039
123449436
123921156
124522498
125227774
125823319
126528000
127305830
128318752
129022949
129333862
129650273
129943611
130259250
130614134
131124436
131682256
132542156
133367319
134146782
134864899
135453222
136137554
136825990
137478788
137974351
138468880
139031130
139434897
139956176
140494114
140898284
141315272
141976059
142722724
143120203
143477861
143973673
144312514
144596446
144947991
145340212
145658367
146024948
146269778
146602809
146993880
147444121
147906921
148482127
148943986
149572719
150373519
151272957
152176253
153119875
153967888
154660834
155284806
156033043
156894724
157772762
158633346
159667290
160479941
161664939
162414821
162927738
163493744
164378449
165208658
166198509
167450489
168372683
169403062
170447229
171532569
172685617
173391646
173904787
174367496
174817844
175283984
176155490
177385161
179138984
179853141
180376020
180949694
181642404
182165913
182599440
183106868
183532797
183827717
184075895
184383461
184668909
184993130
185279432
185662060
186230112
186699321
187698402
188666143
189677553
190581092
191199962
191951916
192710595
193476125
194323534
195238335
196239806
197058974
198106535
199136062
200321847
201762418
203219761
204569778
205814420
206841436
208021735
209200679
210360879
211614393
212972933
214235503
215587369
217348258
218987473
220090290
221540895
222700816
223446497
224284776
224866600
225306971
225865090
226289824
226742757
227284052
227950473
228926529
229929676
230452453
230939687
231592194
232145664
232727087
233648184
234816448
236048548
236990298
237591893
238290945
239256608
240493488
241559894
242745920
244019872
244821396
245996933
247048865
248004509
248820700
249707769
250369739
251007390
251731008
252597813
253528954
254715070
255934911
257016455
257821821
258811180
259874598
260932250
261843354
262805334
263849523
264833422
265612584
266261383
266905017
267652387
268418541
268977742
269577310
270312680
271086420
271824145
272580765
273194038
273741536
274205927
274695439
275176141
275659209
276022567
276361721
276666145
276898815
277143520
277435372
277710664
278078880
278407428
278701197
279044653
279379506
279704416
280007294
280298679
280579670
280879248
281213606
281549786
281893241
282246840
282680256
283165344
283563111
283847500
284175336
284496069
284807054
285140670
285507937
285906206
286322280
286679876
287097221
287734032
288520648
289302036
290048522
290788976
291359050
291883250
292382176
292835136
293206321
293587105
294060703
294599731
295105399
295549758
295926968
296354535
296750981
297111880
297451892
297804907
298200335
298613615
299048671
299388872
299698303
300005530
300303701
300660430
301102570
301530050
301868450
302143131
302434300
302733323
302992270
303237860
303480556
303667167
303860120
304058160
304263847
304461160
304669321
304908860
305143720
305434560
305799671
306222048
306658585
307084792
307546860
308033039
308517341
308989590
309440400
309923693
310420750
310909973
311361718
311794314
312211432
312570260
312901300
313229197
313530088
313893970
314264122
314636760
315016790
315353757
315701660
316060892
316443470
316847436
317193600
317498620
317799570
318124160
318459980
318823304
319152978
319501026
319872380
320218563
320552170
320846920
321165367
321536412
321884640
322239834
322578546
322928342
323258324
323570240
323879564
324201720
324498816
324801360
325071147
325359156
325663438
325967565
326243214
326492720
326691440
326885320
327072500
327235463
327386424
327541511
327706205
327850450
327998645
328157460
328310690
328462735
328614971
328795106
328989780
329187738
329399250
329621900
329857030
330075310
330341655
330626280
330902515
331182320
331441200
331704102
331947157
332193931
332433858
332681920
332920611
333131840
333372010
333608980
333826009
334056075
334270820
334465591
334646720
334823172
335011050
335188837
335357340
335528402
335695120
335852303
336018439
336195131
336379750
336551856
336732043
336921430
337130485
337303907
337457968
337603919
337729371
337845882
337954710
338067737
338179356
338287500
338395956
338508522
338618380
338716645
338819224
338911958
338999445
339092611
339184487
339272307
339362563
339449735
339537591
339618721
339693914
339769180
339847191
339922130
339999943
340080443
340156518
340230249
340302485
340373369
340437717
340500494
340566354
340633959
340695379
340758741
340820221
340885723
340954483
341026582
341095600
341167600
341246928
341331228
341413523
341492869
341577521
341657930
341747084
341838531
341931534
342029810
342126040
342231226
342344601
342463526
342577118
342693980
342824580
342969583
343129410
343297522
343501200
343686570
343842781
343991290
344135856
344287334
344436965
344580882
344722484
344868776
345010517
345163221
345331527
345513540
345671270
345820195
345989060
346156669
346324111
346469688
346587795
346691679
346781627
346865380
346958653
347055030
347157406
347267438
347381307
347490896
347610776
347733910
347851502
347972622
348095901
348213019
348327010
348442880
348567591
348697279
348832744
348968520
349109309
349246272
349367685
349484950
349596271
349715371
349826134
349933092
350034957
350135144
350243480
350352252
350468300
350589763
350708900
350827240
350946290
351054580
351157435
351250801
351343760
351437800
351534604
351628635
351732833
351844110
351964521
352088759
352208614
352329870
352445988
352559147
352674179
352791268
352910760
353022868
353136130
353248444
353356496
353467393
353576380
353680596
353791359
353900188
354005886
354104927
354204397
354298813
354389610
354489180
354591864
354692505
354790788
354885045
354976500
355064970
355161910
355271689
355389940
355515057
355650738
355790990
355922932
356055550
356181860
356309238
356433236
356550595
356657934
356779060
356898049
357012430
357121960
357238964
357352767
357479840
357617410
357761058
357895326
358034480
358170070
358305894
358441707
358576050
358712232
358844680
358960467
359076224
359195650
359325976
359464027
359594467
359737236
359886567
360039533
360187967
360342188
360487690
360629890
360769890
360901690
361042781
361184028
361332450
361481626
361632040
361783370
361941569
362100091
362256281
362414441
362575690
362733280
362895970
363054402
363200620
363351391
363499086
363647920
363804020
363969986
364144450
364321040
364496360
364670140
364850833
365017790
365174658
365337356
365488597
365626087
365766352
365906381
366036000
366167350
366305748
366441940
366577660
366714910
366844728
366961719
367072086
367176190
367266953
367356456
367446597
367539295
367638533
367739692
367841215
367943347
368049637
368155073
368264227
368369090
368473687
368573625
368679884
368788918
368903260
369022576
369145560
369272750
369406723
369542099
369677920
369817628
369943950
370070190
370192170
370307517
370423818
370536811
370648064
370763602
370872810
370984650
371096590
371213710
371327135
371449590
371574881
371704570
371842470
371972220
372107470
372246880
372379018
372512417
372647430
372781572
372916251
373048240
373183240
373315200
373439200
373566498
373693479
373825983
373943905
374067478
374203180
374339820
374479661
374611820
374740796
374867040
374992886
375120123
375246174
375377099
375505203
375626050
375748290
375880357
376032240
376180718
376338106
376485089
376616468
376760248
376912690
377064847
377195953
377307925
377411271
377512045
377615540
377719660
377820798
377941619
378070130
378224692
378382980
378543702
378717840
378884018
379038188
379179650
379305288
379420018
379542021
379665110
379778694
379897535
380014183
380128100
380233585
380344494
380466498
380587763
380724060
380859951
380990761
381128332
381268740
381407575
381542050
381686883
381818440
381944692
382073306
382201542
382333798
382461355
382581188
382708119
382872637
383044203
383225170
383409966
383574680
383741550
383923637
384097249
384272836
384452404
384637124
384816749
384988461
385153028
385315052
385470232
385621910
385764414
385902715
386049991
386216663
386374770
386516929
386666730
386814899
386968909
387122019
387269635
387407486
387545720
387686734
387831468
387963210
388108703
388251560
388396361
388541027
388682670
388814060
388929377
389044940
389155798
389267670
389368919
389480225
389595950
389710842
389834605
389960190
390089664
390220460
390358638
390492401
390628030
390758322
390895061
391032820
391172133
391322083
391467920
391613370
391761337
391913381
392063430
392211396
392352195
392477656
392606522
392729468
392841560
392944648
393051040
393151991
393265590
393375580
393486497
393602620
393717600
393830890
393960735
394093680
394226112
394364866
394501373
394641893
394779852
394915377
395053220
395195528
395334364
395468864
395614880
395745905
395894218
396036011
396175516
396315402
396457070
396593040
396738033
396880580
397024837
397163004
397296955
397425970
397552387
397667117
397783170
397908877
398044779
398184892
398319925
398450471
398584001
398712165
398843304
398965652
399080923
399192155
399292254
399395866
399506420
399609204
399715620
399823046
399933942
400048061
400164982
400296897
400423720
400556407
400679424
400810590
400938357
401058987
401187804
401314669
401436380
401558141
401689835
401814945
401947353
402083666
402214574
402357204
402498580
402630245
402743709
402865470
402978640
403087227
403207218
403324390
403442520
403558569
403690833
403817923
403930180
404032549
404133898
404238426
404342157
404452282
404567627
404681786
404803900
404923680
405042896
405165248
405280764
405398528
405508128
405615699
405729321
405831971
405936192
406036070
406128464
406217320
406299367
406378124
406459849
406548750
406635213
406714962
406786564
406856031
406930252
407005180
407076471
407145687
407210365
407273379
407340280
407409563
407476075
407543183
407611731
407682200
407753576
407828652
407904596
407982913
408068054
408157586
408244457
408324530
408407509
408492899
408578223
408667130
408756574
408844354
408933865
409024986
409122540
409223580
409328853
409440787
409541982
409644792
409749825
409856459
409958853
410055035
410158251
410272084
410385717
410497827
410609871
410715495
410817290
410923500
411033545
411138170
411245300
411359755
411477219
411594740
411723330
411860434
411989501
412116573
412242730
412371557
412498128
412620500
412741313
412861813
412980651
413097127
413208782
413325530
413453321
413580710
413704791
413832205
413961299
414084341
414203870
414330678
414458707
414584561
414713192
414850020
414986608
415110980
415240063
415376630
415503797
415619396
415733337
415850784
415964630
416076847
416182770
416285628
416383070
416474726
416565322
416658686
416749073
416835570
416918817
416999153
417076760
417162100
417248780
417334626
417414085
417490808
417574492
417658002
417746391
417832547
417917990
418006930
418104077
418205170
418305184
418408336
418513448
418615761
418716812
418821338
418922981
419011503
419102740
419189677
419273720
419356608
419439764
419531171
419637450
419737360
419839602
419939646
420036700
420141000
420244145
420345627
420443583
420537329
420625097
420711080
420792200
420879114
420967404
421057127
421143722
421228876
421315004
421397949
421486792
421579656
421674657
421771292
421866725
421960344
422052863
422149560
422248268
422344847
422439698
422528289
422618966
422708548
422801200
422890141
422983723
423075778
423163493
423253166
423340970
423429514
423521589
423618103
423714206
423809479
423916101
424025952
424136038
424238446
424338071
424438072
424541244
424635383
424734689
424835519
424939858
425043024
425145376
425243499
425345350
425451273
425550470
425649310
425745301
425836656
425936070
426035652
426128240
426221395
426312267
426404275
426496199
426588111
426683522
426776971
426866912
426953957
427040236
427138900
427237300
427336201
427440515
427547271
427647835
427743313
427840321
427935291
428033264
428127365
428222879
428321945
428419539
428510154
428599229
428691540
428778230
428871777
428969573
429071720
429174822
429279883
429380960
429483860
429585645
429681923
429780656
429871563
429961365
430051438
430138941
430224489
430307223
430389580
430467730
430541022
430617560
430695630
430770875
430838375
430903008
430968740
431032301
431093465
431157164
431222790
431287948
431352535
431419236
431494729
431572870
431653144
431732266
431809190
431877346
431949996
432026581
432103709
432181546
432261169
432336259
432413956
432488030
432562688
432645049
432724480
432796849
432858888
432922661
432985800
433049217
433112450
433172070
433234270
433299112
433361221
433425650
433493466
433562129
433632340
433709609
433793442
433871132
433945989
434024204
434105580
434189406
434268168
434350147
434430941
434503623
434573102
434644004
434721655
434802130
434879133
434952315
435029268
435109290
435187270
435263568
435336240
435408940
435481220
435549030
435614270
435681728
435750810
435820100
435887738
435954164
436021470
436085983
436149197
436215235
436285352
436355001
436420111
436485060
436552490
436619551
436685903
436756990
436826950
436894440
436962780
437028118
437098910
437176519
437248550
437321711
437399540
437480640
437556973
437628350
437700376
437775622
437850779
437923005
438002540
438079759
438159194
438234076
438305200
438377985
438449890
438522738
438596738
438674472
438757070
438833050
438908900
438985000
439062802
439144320
439225680
439305720
439387356
439467335
439547974
439628222
439718488
439814240
439911076
440004265
440092105
440180137
440271543
440352890
440428911
440499508
440571030
440645645
440724080
440804417
440884770
440966202
441048258
441128454
441209762
441294389
441380055
441471212
441562611
441650764
441738440
441825594
441911670
441995788
442078898
442166580
442256160
442344110
442431540
442524890
442618488
442711000
442798300
442886112
442973745
443059980
443145488
443230022
443315880
443401395
443483748
443561390
443640622
443720186
443800455
443876810
443949386
444019780
444086653
444153894
444223337
444295505
444371820
444447837
444527826
444607983
444685714
444765347
444839021
444912097
444984347
445058490
445134270
445212628
445293530
445371579
445445679
445519278
445593620
445669664
445749781
445834623
445921689
446008212
446088937
446171157
446252284
446327056
446398955
446472050
446546143
446623898
446706211
446789418
446870898
446950655
447029144
447111208
447190535
447261610
447336004
447408804
447481046
447553270
447625501
447694704
447764183
447835366
447909406
447978750
448044950
448109450
448175131
448237751
448300500
448361480
448417812
448475900
448535233
448594951
448658303
448723936
448791929
448860560
448929012
448995205
449061051
449131110
449198146
449267066
449335702
449405721
449478378
449550562
449619965
449694604
449768775
449842031
449915408
449993711
450073266
450152287
450231883
450309552
450380546
450449050
450517126
450585596
450658328
450733200
450813884
450899168
450987983
451076138
451164194
451248779
451329970
451407517
451483980
451561854
451642938
451727979
451808451
451879791
451953356
452034454
452115347
452193850
452271647
452350041
452427170
452501710
452576045
452655052
452728189
452801209
452874803
452946568
453020940
453097440
453172778
453243620
453314497
453388050
453456988
453524242
453589181
453656166
453722200
453789558
453851867
453912941
453969720
454026729
454085452
454146616
454204534
454259810
454314680
454366260
454416260
454466631
454519630
454573435
454625100
454677703
454728089
454776240
454824630
454874126
454925949
454974392
455020650
455067068
455114265
455159673
455202893
455245214
455287868
455332133
455375990
455421430
455466442
455512658
455561577
455612286
455664614
455717294
455770613
455825427
455877042
455925892
455977617
456028192
456081340
456135586
456189170
456242000
456293811
456344857
456396611
456445993
456494405
456545239
456596988
456647455
456697134
456746964
456797693
456849933
456899805
456950037
457003020
457054482
457105408
457157143
457209955
457264350
457318260
457369224
457419364
457467999
457514722
457562921
457611838
457659384
457704771
457750140
457796582
457845075
457894732
457943186
457990164
458038919
458089092
458138197
458187151
458234393
458280623
458327688
458375563
458425314
458473941
458522611
458575920
458628737
458681373
458734460
458786690
458840680
458894056
458946294
459001129
459058252
459115638
459172326
459228944
459286920
459345264
459403200
459460727
459517305
459575468
459634726
459696573
459756689
459820710
459884362
459946132
460011598
460078190
460146880
460215117
460280310
460344370
460406447
460467332
460525264
460582632
460639695
460695298
460750782
460806210
460862041
460919177
460979346
461036205
461089949
461143663
461201978
461258758
461313730
461366557
461419419
461471805
461523244
461575220
461627257
461676790
461725555
461773349
461821523
461868151
461914920
461966352
462019902
462073590
462126880
462179261
462234650
462287287
462341415
462396678
462452647
462508030
462563530
462620463
462679151
462740683
462803123
462863865
462924433
462985258
463046626
463105963
463164100
463224979
463285614
463347170
463409276
463469608
463532115
463596052
463664189
463734275
463806065
463879191
463954118
464030614
464107875
464183190
464258203
464333000
464405540
464481595
464555703
464627237
464696581
464766970
464836766
464905834
464974611
465044605
465113791
465183952
465255084
465325460
465392193
465460131
465529082
465593797
465660065
465726983
465797834
465873584
465949991
466025105
466098291
466171527
466240169
466305830
466374708
466446075
466519306
466592622
466662630
466731270
466801055
466870196
466942754
467017000
467090663
467161506
467227656
467297151
467367368
467436642
467504239
467568411
467634189
467698590
467760795
467820827
467880615
467939346
467998947
468060409
468118725
468174605
468230390
468285242
468339389
468397560
468458813
468522756
468587566
468652880
468719704
468789850
468857819
468926602
469002082
469076496
469150957
469226202
469300210
469371520
469435661
469499898
469565975
469634108
469699947
469766496
469831431
469897820
469963454
470032773
470101553
470169326
470240362
470314260
470385270
470454156
470521027
470586290
470648267
470712704
470781769
470849600
470918750
470982816
471044090
471111030
471175186
471240777
471302697
471365690
471427702
471491595
471557487
471622958
471688205
471749175
471811363
471871726
471932587
471988094
472040788
472094531
472146630
472198630
472252422
472305743
472357176
472408830
472463039
472516786
472568153
472617278
472667602
472719095
472771219
472819553
472869069
472923389
472979775
473037640
473095623
473154280
473211716
473267592
473322461
473377880
473432990
473486254
473540141
473596627
473651452
473705950
473764328
473821829
473873411
473922845
473975475
474028375
474079636
474130450
474185347
474241856
474299198
474359401
474415674
474470688
474527490
474586880
474643980
474700616
474755569
474808516
474861066
474913750
474969317
475023890
475078191
475133900
475187320
475238916
475292884
475351229
475409926
475469140
475526530
475582750
475638324
475695956
475753938
475811831
475867760
475923866
475981453
476038810
476100055
476160135
476218250
476278214
476337944
476397007
476453450
476510040
476564643
476616084
476667794
476720353
476772430
476825410
476877455
476928110
476980171
477030449
477086430
477140665
477193060
477246895
477303352
477359851
477415993
477473440
477530039
477585825
477640815
477697337
477756222
477816295
477874811
477930541
477982700
478033630
478084899
478136802
478191149
478246348
478304066
478364519
478424530
478483251
478540380
478593580
478646845
478699960
478751497
478805112
478861928
478915645
478970526
479024746
479077849
479131144
479183969
479235964
479290601
479344456
479397516
479452274
479506700
479560254
479613435
479667501
479721634
479776062
479826656
479873090
479920102
479966456
480011681
480056547
480103259
480151421
480198663
480247798
480299495
480351394
480401288
480448785
480498431
480549199
480597840
480646301
480693893
480740144
480787631
480835070
480881803
480930617
480976779
481024120
481071979
481119119
481166315
481213812
481261520
481311391
481362265
481410640
481459400
481504956
481551376
481599373
481646465
481694222
481740426
481786647
481831059
481876126
481922549
481968570
482012568
482059395
482106382
482152686
482200907
482249241
482297964
482348265
482399452
482448894
482498718
482548327
482599891
482654544
482706829
482757313
482806896
482855990
482907173
482958472
483010055
483062664
483114245
483166725
483221179
483277542
483332776
483387917
483440771
483491330
483540768
483590640
483640724
483691871
483744120
483793357
483841567
483889123
483939210
483986248
484033640
484080950
484127487
484175998
484226126
484272931
484317429
484362191
484408477
484454628
484499687
484545526
484592390
484639860
484688257
484738455
484789280
484842649
484894872
484947490
485000159
485051563
485101760
485150060
485198060
485244270
485289513
485334314
485383025
485433224
485485944
485537290
485585454
485631700
485677462
485723761
485771572
485817619
485864618
485911085
485958261
486007439
486055356
486103795
486152460
486200429
486247390
486292564
486338644
486386209
486435801
486484408
486531645
486579955
486628970
486679098
486727093
486773061
486819027
486863396
486907213
486952300
486997105
487042237
487088778
487136361
487184056
487232554
487280697
487328119
487377034
487424190
487473504
487522622
487569079
487614338
487659670
487704591
487750156
487798530
487847837
487895966
487941030
487986780
488029614
488070798
488112890
488155382
488198615
488240657
488287285
488336762
488384198
488428380
488471564
488515448
488558820
488603587
488650495
488696606
488740851
488784668
488828396
488873442
488918633
488963494
489009221
489055692
489103655
489152017
489200258
489250925
489299565
489347635
489394951
489441179
489490245
489538923
489586836
489636100
489686479
489737370
489787320
489838962
489887478
489934186
489982286
490028614
490074946
490123953
490172510
490221080
490270635
490319984
490368976
490418022
490466902
490515910
490566015
490618220
490671717
490723615
490776312
490830736
490884736
490937762
490991088
491041699
491092526
491144030
491195864
491249022
491303948
491358498
491410312
491458506
491509980
491561639
491614607
491667128
491719418
491773218
491825112
491875000
491923896
491970678
492018186
492065170
492110284
492153440
492197918
492242556
492286708
492332938
492380560
492428841
492477161
492525057
492574201
492623650
492675280
492730361
492784132
492835240
492886350
492935580
492985414
493033981
493084766
493138468
493191090
493242706
493296073
493351861
493408000
493460024
493509571
493559133
493610976
493665630
493720365
493775040
493829091
493883693
493937769
493991861
494042950
494093142
494144276
494195126
494249561
494303540
494356356
494410350
494460731
494515207
494571437
494626138
494676947
494726450
494777736
494828673
494880104
494931903
494985391
495036880
495085702
495134804
495185901
495238792
495291793
495345414
495399890
495452392
495503476
495557575
495614197
495670415
495727352
495783791
495842521
495900566
495957007
496014789
496073534
496132134
496193644
496256428
496316460
496374966
496432707
496490469
496547062
496603832
496662414
496720017
496779199
496840765
496900658
496959814
497018430
497078912
497139100
497199452
497261020
497321034
497379661
497436354
497494451
497549837
497604296
497663185
497723873
497781321
497837122
497892393
497947660
498003495
498059482
498115951
498171458
498228534
498283720
498338618
498392796
498446037
498496990
498550667
498604540
498658983
498710839
498762735
498816935
498868393
498923240
498976663
499028323
499080532
499135700
499192069
499248125
499303833
499359992
499417124
499472809
499528040
499584366
499638168
499690085
499742531
499795601
499847759
499898097
499948398
499999038
500046386
500095071
500142478
500189615
500238356
500287579
500337822
500385365
500431947
500478836
500526086
500570730
500617200
500665801
500713982
500761207
500808275
500853445
500898163
500943842
500991132
501036643
501084110
501135321
501187073
501237146
501288531
501341979
501394600
501446186
501499584
501554057
501608945
501663388
501719513
501776275
501831083
501886702
501943924
502001131
502055895
502115542
502177472
502237116
502292681
502349948
502407425
502465406
502525200
502582150
502637680
502694126
502747216
502800966
502854738
502906788
502957348
503008289
503060332
503114160
503169362
503224920
503281166
503335920
503391220
503448760
503503760
503556085
503609383
503663074
503714267
503767297
503824130
503881622
503939004
503995605
504049080
504102504
504154038
504205267
504254960
504305527
504354451
504401443
504449425
504498669
504547112
504595345
504643763
504694280
504742665
504791140
504841127
504892313
504944562
504999813
505055465
505111878
505166666
505220856
505277023
505334532
505391068
505445040
505503875
505565240
505623560
505681795
505737497
505792675
505847451
505900650
505954064
506009296
506064479
506116479
506170930
506223396
506272153
506322135
506371513
506422758
506473205
506524982
506576886
506625788
506673455
506720727
506769228
506818832
506867380
506918463
506970996
507021333
507072220
507122710
507172691
507221712
507268848
507314916
507360385
507406801
507455906
507507619
507558822
507608841
507659158
507707071
507754425
507803305
507852617
507905520
507955960
508004060
508049992
508094438
508139030
508183254
508228554
508272429
508317666
508361745
508402848
508445752
508487025
508528130
508568534
508608430
508648021
508687858
508728452
508767790
508808191
508850246
508894175
508939081
508982940
509025977
509069250
509112193
509153677
509195946
509238811
509281860
509325357
509369175
509412527
509453611
509496265
509541142
509586208
509629600
509673688
509718891
509762726
509807141
509852784
509897912
509944097
509989465
510036030
510084601
510135145
510183778
510232171
510279888
510326425
510372180
510418961
510466538
510511930
510558862
510605581
510652560
510701982
510752018
510801668
510850006
510898016
510945431
510992194
511037589
511083583
511127164
511171407
511216000
511260492
511305815
511350799
511393739
511440423
511488918
511537439
511584995
511632620
511679887
511729598
511779329
511829625
511879153
511926212
511971812
512016571
512062057
512107425
512153762
512203143
512253651
512303412
512354772
512407971
512459055
512510402
512558333
512608005
512656997
512708258
512760887
512812469
512862713
512913608
512965887
513015877
513065760
513117460
513168452
513219907
513268293
513316195
513366558
513419960
513472641
513522944
513570747
513616555
513662870
513710302
513757428
513808604
513860737
513911706
513964805
514017592
514070366
514122417
514171946
514218513
514266429
514314614
514362546
514408545
514454006
514498503
514542612
514585667
514628824
514671643
514715418
514755876
514796610
514835233
514875447
514915159
514953399
514993163
515032021
515074931
515118215
515161346
515202950
515244383
515286170
515328090
515373139
515419616
515468087
515515584
515564930
515615371
515665550
515710191
515751009
515794038
515837681
515880677
515923799
515971366
516023501
516079273
516133796
516191723
516248857
516304670
516363013
516419505
516472075
516522859
516572775
516622516
516672049
516725837
516782996
516841742
516897928
516952324
517016267
517081363
517143440
517205926
517268452
517325081
517378851
517433800
517487527
517539700
517595234
517648485
517701779
517752168
517809841
517870785
517931947
517988363
518040956
518092424
518144868
518195944
518244170
518290695
518337050
518382964
518434414
518487230
518541551
518599037
518655839
518710744
518764473
518814169
518862640
518911882
518963622
519018700
519075205
519127192
519178831
519230374
519282403
519331442
519380248
519429238
519477130
519527327
519578450
519629195
519682264
519737548
519790749
519842423
519893269
519944785
519998848
520051131
520100816
520151405
520206616
520257238
520306399
520354999
520404222
520454034
520504983
520555848
520607271
520656776
520706154
520755672
520799084
520842299
520886043
520929369
520976636
521027374
521080131
521134425
521189509
521245539
521298830
521349035
521396760
521443339
521492098
521539550
521590192
521640139
521692959
521750084
521808235
521861064
521911129
521959140
522006325
522051726
522096893
522139654
522182019
522226421
522272441
522318018
522362733
522409213
522459007
522510025
522558221
522604793
522651845
522699556
522746985
522797187
522847952
522899015
522945599
522991536
523039155
523088361
523139190
523193283
523251200
523311856
523365614
523417920
523466291
523514038
523562196
523612890
523664310
523713023
523758634
523804092
523848260
523893272
523938995
523989082
524036896
524083789
524130649
524179373
524233277
524291170
524344560
524397001
524450114
524501722
524556092
524609062
524664247
524724686
524784748
524846161
524902387
524955097
525006430
525059368
525109857
525158504
525211121
525264544
525323176
525382190
525444448
525507774
525572469
525638660
525708053
525775979
525850294
525923548
525993712
526059816
526130916
526202162
526274695
526346788
526417072
526487776
526557881
526625164
526691883
526759572
526832725
526914871
526992770
527071369
527149691
527225959
527304043
527392542
527483950
527574867
527667248
527763054
527856050
527943768
528038395
528139485
528250585
528356855
528456329
528546358
528635972
528732100
528825952
528914273
529001855
529090282
529176249
529261031
529350638
529436304
529520141
529601849
529687757
529771999
529853717
529930720
530008368
530089094
530170007
530252154
530335553
530418255
530501530
530579071
530653257
530726766
530800642
530872771
530941607
531006259
531073627
531142335
531212900
531283086
531351671
531417089
531480012
531543607
531609261
531672575
531740900
531807862
531873120
531938837
532004595
532070731
532134784
532202986
532273724
532344006
532415047
532488181
532564231
532639612
532719613
532793117
532866695
532943886
533021681
533104409
533186864
533263900
533340138
533415715
533496013
533583919
533664838
533745649
533823338
533903974
533986055
534066923
534149739
534232353
534316614
534403694
534486151
534569042
534654433
534742848
534828347
534921749
535019058
535115493
535208241
535297241
535383714
535472341
535555438
535639868
535724261
535809142
535897252
535987062
536079615
536176668
536289899
536401884
536509747
536620770
536735645
536840105
536938337
537037770
537140156
537246894
537351948
537452156
537557790
537658619
537762849
537864566
537966191
538069538
538175873
538279695
538379582
538475220
538571698
538667802
538768040
538868532
538970103
539065447
539165391
539262732
539363989
539471001
539574407
539681152
539798001
539913865
540034766
540154566
540278933
540402914
540523220
540642804
540753787
540856647
540958105
541067226
541174924
541292052
541417946
541541085
541659092
541776389
541887272
542009012
542127507
542253695
542388573
542519178
542648600
542773838
542892042
543001404
543106895
543210733
543318486
543428058
543537236
543650124
543772748
543902613
544036880
544173114
544305567
544446243
544598506
544744520
544888591
545036353
545179898
545333353
545495291
545653413
545819771
545989967
546141271
546305055
546461746
546614247
546768660
546933002
547086529
547237182
547402873
547572605
547731340
547885176
548046945
548214233
548387390
548545249
548698516
548858438
549002263
549136882
549272743
549407790
549537953
549681227
549816301
549950760
550084080
550235991
550384237
550527798
550676797
550822728
550977402
551129453
551274039
551417739
551560088
551698651
551841483
551994473
552148623
552314242
552475817
552634935
552822684
553009143
553174844
553336581
553494972
553650959
553811037
553965182
554105440
554249198
554402417
554557096
554709147
554843526
554975100
555101997
555230535
555367941
555516406
555661214
555799195
555929622
556052393
556177289
556305433
556424506
556547606
556672789
556787804
556911891
557036901
557146730
557255124
557369039
557481125
557588108
557706529
557826779
557948328
558073128
558195138
558318226
558431507
558545893
558663986
558787348
558909532
559028755
559145323
559265691
559373426
559479650
559590751
559710160
559834699
559970127
560112831
560263456
560421082
560590864
560756640
560926527
561085286
561237420
561378437
561523635
561672173
561817230
561966045
562113389
562277464
562430975
562587117
562757596
562924517
563092001
563262704
563444683
563631313
563817768
564008148
564206995
564411037
564609790
564808273
565001732
565197041
565413370
565636319
565875215
566108983
566315715
566491032
566676357
566877234
567088227
567313623
567544177
567777771
568005220
568225073
568423030
568634668
568857196
569088681
569348634
569557651
569748729
569983887
570230211
570474036
570739313
570994140
571257940
571502820
571764012
572056116
572371444
572680989
573009635
573340630
573670470
573982034
574285014
574561269
574843318
575160177
575492186
575812718
576108414
576385561
576629175
576885376
577133581
577375714
577669152
577955618
578248862
578564041
578889318
579228125
579562087
579868744
580102769
580345800
580588814
580847121
581106748
581390815
581680916
581983941
582297386
582604392
582889455
583181260
583461710
583672234
583851730
584058033
584293767
584566573
584858220
585136482
585401544
585655117
585927784
586209950
586501452
586793385
587091443
587383113
587664779
587977572
588266347
588544299
588848850
589203836
589576871
589921502
590266779
590585440
590915065
591225232
591543210
591851070
592111071
592347101
592592874
592811203
593040154
593249604
593456760
593658128
593848553
594057460
594265839
594481084
594752671
595043520
595359595
595675891
595966296
596218047
596480109
596753605
597036531
597305494
597559918
597813068
598067660
598316538
598530229
598736112
598943813
599132148
599303762
599472189
599651932
599863904
600065262
600272443
600508217
600750657
601008490
601268177
601511350
601711089
601919022
602099050
602283640
602474107
602684103
602913881
603158930
603392804
603634780
603870702
604097215
604338564
604584576
604824332
605056488
605324510
605606369
605870048
606124413
606368040
606629617
606885180
607124948
607341180
607565402
607818666
608049409
608301071
608550072
608786757
609026813
609265862
609494945
609699305
609892308
610080917
610281168
610495202
610700363
610910004
611114400
611309420
611513726
611725469
611951783
612193964
612427796
612639433
612876430
613138464
613400829
613654432
613916655
614181143
614467501
614706228
614912758
615124264
615377971
615640242
615909032
616196766
616503970
616826050
617158568
617534576
617888989
618238342
618607698
618967410
619358997
619782385
620170359
620585751
620993013
621320234
621662610
622016478
622380374
622763334
623190325
623640513
624036290
624425564
624818878
625218887
625600987
625986448
626382966
626826980
627182939
627516705
627992841
628413141
628857840
629309197
629744271
630150141
630543298
630943828
631354453
631794977
632265000
632793677
633255069
633710762
634098975
634466711
634942254
635388833
635807257
636247673
636715624
637157199
637628655
638070516
638445013
638899345
639368746
639954917
640535479
641059608
641470819
641985000
642570805
643207880
643959314
644667996
645251470
645700364
646300493
647352079
648483824
649668948
650633742
651965720
653621614
655146307
656471502
657767789
658982382
660129941
661207847
662540860
663813427
664971613
665965313
667108541
668099399
669157840
670330957
671732474
673435080
674963125
676570609
678320692
679743765
681165969
682571980
684107481
685551484
686810199
687552397
688147881
688765356
689353760
689949152
690556310
691267353
691963606
692727079
693583860
694461478
695518616
696664201
699154596
702160469
705764523
708501617
712993814
725705000
749154800
786526184
820784231
900000000

[pgcg-lon]
-1732349572
-1643047401
-1591782470
-1563460753
-1525127695
-1497616257
-1459408774
-1400823784
-1385258693
-1375022848
-1366273419
-1359796185
-1353176658
-1347315361
-1339255021
-1330541143
-1326147456
-1322115428
-1316261684
-1306236043
-1298601271
-1293753425
-1289297971
-1281192876
-1274592638
-1269542137
-1264301178
-1258832274
-1254833439
-1252031702
-1249362526
-1247258961
-1245379157
-1243614790
-1242127797
-1240952808
-1240081855
-1239287210
-1238513983
-1237811260
-1237114272
-1236449320
-1235833340
-1235245889
-1234661476
-1234057610
-1233495990
-1232907200
-1232322579
-1231772823
-1231292318
-1230892417
-1230526440
-1230164360
-1229755163
-1229406280
-1229047324
-1228700513
-1228397055
-1228106163
-1227808065
-1227494560
-1227167679
-1226864090
-1226565537
-1226288961
-1226023960
-1225741967
-1225413858
-1225093385
-1224860310
-1224655144
-1224447160
-1224261753
-1224066528
-1223874193
-1223662968
-1223465910
-1223266331
-1223090667
-1222922222
-1222750364
-1222553762
-1222348925
-1222117753
-1221908104
-1221676797
-1221421229
-1221140492
-1220801932
-1220483293
-1220177138
-1219842742
-1219464916
-1219003805
-1218482099
-1217925438
-1217396230
-1216831368
-1216239728
-1215677893
-1215100101
-1214500365
-1213955655
-1213479920
-1213052893
-1212620104
-1212067142
-1211464669
-1210909126
-1210316477
-1209747989
-1209223279
-1208701065
-1208259551
-1207749063
-1207212497
-1206782385
-1206411063
-1205980041
-1205474755
-1204951720
-1204474207
-1203953063
-1203425457
-1202843167
-1202269075
-1201697254
-1201117244
-1200476570
-1199738046
-1198817554
-1198138360
-1197444668
-1196700893
-1195655768
-1194583912
-1193588130
-1192672531
-1191664326
-1191020253
-1190423369
-1189927000
-1189199990
-1188251011
-1187383308
-1186418496
-1185954126
-1185571856
-1185290703
-1185003387
-1184755833
-1184553570
-1184363637
-1184200583
-1184042442
-1183897634
-1183756541
-1183624012
-1183491446
-1183355046
-1183225247
-1183106500
-1182985051
-1182856263
-1182700249
-1182549927
-1182385881
-1182204899
-1182048507
-1181918888
-1181786563
-1181625442
-1181478210
-1181334911
-1181194125
-1181045828
-1180884271
-1180701814
-1180477684
-1180237172
-1179938583
-1179573170
-1179182735
-1178831235
-1178407421
-1177878291
-1177354964
-1176517500
-1175257684
-1173802826
-1172698252
-1171907072
-1171226948
-1170602812
-1169660286
-1168560787
-1167263230
-1165965361
-1164724101
-1163568250
-1162413223
-1161171730
-1159967817
-1158646772
-1156969382
-1155235140
-1153524013
-1151823956
-1150580155
-1148966751
-1147237281
-1145458767
-1143990050
-1142567050
-1141323540
-1140411163
-1139285205
-1137724710
-1136462200
-1135735461
-1135179586
-1134577961
-1133951279
-1132604700
-1130963114
-1129202960
-1127622135
-1125862691
-1124220930
-1122738166
-1121548019
-1120703169
-1120057384
-1119497417
-1118916375
-1118113486
-1117134190
-1116136584
-1114955774
-1113789781
-1112447500
-1110983557
-1109768319
-1108663133
-1107449340
-1105715681
-1103683212
-1101945069
-1100115726
-1098590500
-1096972833
-1095434782
-1094155611
-1092715932
-1091236500
-1089638680
-1087950186
-1086448338
-1085257009
-1083958268
-1082381675
-1080810137
-1079193701
-1077698807
-1076089540
-1074453335
-1072843797
-1071307328
-1069741234
-1068665622
-1067786870
-1066755524
-1065863260
-1064993459
-1064057760
-1063114311
-1061995633
-1060912795
-1059976160
-1058873106
-1057571060
-1056265220
-1055010323
-1053769811
-1052698530
-1051806873
-1051053405
-1050460352
-1049984722
-1049182146
-1048487198
-1047812839
-1047044297
-1046250760
-1045187688
-1043101770
-1041100079
-1038902439
-1036861500
-1035023060
-1033445096
-1031737540
-1029690853
-1027804910
-1025920990
-1024184031
-1022656432
-1020935690
-1019322948
-1018118791
-1016631700
-1015103224
-1013741140
-1012463601
-1011233147
-1009984450
-1008794978
-1007587870
-1006291410
-1005073210
-1004085832
-1003133296
-1002194411
-1001202420
-1000161317
-999079010
-997901638
-996709686
-995639580
-994633177
-993540050
-992592690
-991812630
-991003157
-990073940
-989118252
-988110735
-987153660
-986333370
-985543110
-984787476
-984046630
-983285329
-982492916
-981797752
-981099821
-980446470
-979888890
-979400167
-978941710
-978594360
-978312690
-978006640
-977717370
-977467284
-977205590
-976921980
-976614560
-976238830
-975742520
-975211448
-974675678
-974136078
-973679670
-973233992
-972723576
-972148790
-971587110
-971086390
-970588390
-970039774
-969508395
-969028640
-968656841
-968362639
-968096940
-967854122
-967573257
-967199770
-966853386
-966429165
-965905133
-965308248
-964569582
-963796759
-963035643
-962230880
-961537193
-960869228
-960176580
-959484470
-958800917
-958072050
-957377274
-956705307
-956043241
-955378259
-954681546
-954000949
-953332400
-952600900
-951878833
-951113208
-950330088
-949484125
-948703710
-948030601
-947381880
-946732190
-946061870
-945463572
-944777260
-944155425
-943524930
-942870662
-942276592
-941789484
-941303467
-940790163
-940208215
-939531550
-938845080
-938180073
-937598887
-937018434
-936374903
-935790670
-935108730
-934422760
-933777688
-933171480
-932658081
-932148410
-931657240
-931170150
-930595655
-929943320
-929298040
-928636111
-927895028
-927157740
-926406090
-925633660
-924919118
-924312974
-923563594
-922779040
-921894350
-921082842
-920331180
-919583640
-918833541
-918009743
-917149940
-916204343
-915350094
-914484554
-913610772
-912713715
-911792755
-910902980
-910041160
-909086162
-908200381
-907465097
-906657140
-905910348
-905230855
-904580360
-903965191
-903398634
-902880780
-902326860
-901873321
-901449464
-901095990
-900778382
-900435990
-900029630
-899609203
-899177012
-898721105
-898290020
-897855820
-897391460
-896942724
-896516186
-896154550
-895749215
-895224710
-894672369
-894169359
-893621340
-892992840
-892485187
-891945248
-891316700
-890645923
-889963993
-889148610
-888255249
-887310146
-886360828
-885411784
-884466219
-883572290
-882848911
-882199630
-881607369
-880981350
-880372370
-879801351
-879306768
-878850790
-878308609
-877910069
-877608176
-877304132
-877080180
-876870428
-876661285
-876423582
-876109944
-875680485
-875093553
-874308350
-873537540
-872690478
-871919620
-871036106
-870188291
-869337127
-868569740
-867859597
-867219312
-866462570
-865736750
-864985480
-864273870
-863559230
-862870425
-862334395
-861853750
-861348593
-860838480
-860272438
-859639620
-859018560
-858547323
-858167897
-857800221
-857408965
-856992470
-856648768
-856332884
-855988670
-855653845
-855198245
-854658580
-854030698
-853383127
-852780330
-852191400
-851577760
-850965390
-850325334
-849660680
-848996350
-848399090
-847795240
-847271780
-846738681
-846288111
-845907860
-845592522
-845315110
-845070053
-844842581
-844626356
-844379573
-844123035
-843862516
-843611587
-843344217
-843018570
-842723360
-842402109
-842078689
-841721325
-841378599
-841038678
-840683518
-840310174
-839917015
-839505606
-839076580
-838634458
-838187347
-837746080
-837331931
-836949200
-836609065
-836273079
-835901271
-835503924
-835113663
-834726380
-834350400
-833998938
-833657627
-833270820
-832883729
-832492600
-832110872
-831724893
-831341564
-830968487
-830604814
-830215510
-829816330
-829408536
-828978190
-828546350
-828129670
-827707044
-827315058
-826924242
-826521433
-826148416
-825762279
-825379421
-824994730
-824624574
-824280390
-823951838
-823614930
-823241112
-822810619
-822343601
-821870600
-821384230
-820898377
-820437260
-820027740
-819643680
-819276128
-818861178
-818457270
-818059068
-817665842
-817284290
-816940040
-816603010
-816239601
-815875920
-815528243
-815197263
-814835448
-814479775
-814105341
-813735020
-813359324
-812964766
-812593729
-812232800
-811872816
-811470600
-811043713
-810634441
-810240890
-809851080
-809433828
-809033412
-808672452
-808345249
-807993228
-807633854
-807325233
-807040479
-806718198
-806362586
-806006413
-805622140
-805256530
-804896122
-804572623
-804281212
-803990288
-803682645
-803354532
-803060210
-802766015
-802492909
-802240428
-801991124
-801706308
-801440011
-801188757
-800920645
-800639774
-800344950
-800051394
-799735881
-799403168
-799075613
-798752170
-798409048
-798061353
-797686651
-797302490
-796925995
-796570384
-796191430
-795772360
-795349993
-794931260
-794573930
-794236545
-793881350
-793519757
-793117360
-792683917
-792259440
-791806246
-791324790
-790876179
-790492587
-790103941
-789655962
-789232771
-788833212
-788426620
-787971234
-787503985
-787100651
-786733045
-786407820
-786101409
-785749814
-785374418
-784948930
-784512947
-783989910
-783446788
-782868810
-782284610
-781735607
-781198450
-780591462
-780017624
-779426394
-778928050
-778469606
-777956400
-777401353
-776763355
-776173465
-775640667
-775133670
-774692035
-774297000
-773840983
-773418855
-772963723
-772473270
-771985393
-771548880
-771115780
-770757866
-770459117
-770200354
-769936660
-769672100
-769332320
-768962872
-768581500
-768205141
-767867380
-767545968
-767232586
-766952726
-766696400
-766472744
-766254170
-766036193
-765823875
-765612813
-765385255
-765178587
-764958066
-764717116
-764464855
-764202631
-763912835
-763505629
-763111005
-762755403
-762455740
-762134670
-761771790
-761392040
-761000750
-760579986
-760151514
-759787757
-759348291
-758917607
-758467120
-757988728
-757557773
-757217070
-756907260
-756599035
-756268039
-755908376
-755474581
-755045667
-754613410
-754032790
-753375620
-752713360
-752119826
-751630838
-751101771
-750561578
-749945714
-749356857
-748750897
-748133630
-747519515
-746859335
-746252390
-745612702
-744952769
-744330323
-743716469
-743104296
-742538940
-742108409
-741741710
-741421737
-741112455
-740790174
-740413875
-740057244
-739787410
-739532469
-739293057
-739039803
-738766660
-738505770
-738221701
-737950452
-737676800
-737411464
-736990597
-736431832
-735925045
-735405804
-734721171
-734176693
-733760984
-733395400
-733033183
-732674140
-732376053
-732022816
-731632376
-731226793
-730895686
-730566573
-730196645
-729784760
-729370249
-728970501
-728507328
-727980417
-727505223
-727040856
-726670539
-726310922
-725985579
-725670739
-725315540
-724943137
-724464980
-723972777
-723520693
-723145344
-722717890
-722363568
-721911087
-721292601
-720673728
-720076213
-719519516
-718979564
-718493062
-718092309
-717697262
-717275527
-716827315
-716411428
-716048007
-715678790
-715355646
-715065760
-714768581
-714508897
-714245331
-713966817
-713665869
-713415302
-713180660
-712907372
-712613195
-712337480
-712082332
-711824514
-711597039
-711381921
-711149875
-710906743
-710662342
-710410971
-710151705
-709875619
-709575338
-709325299
-709057726
-708737350
-708376026
-707991698
-707569233
-707118327
-706662936
-706228340
-705779603
-705195157
-704444768
-703502561
-702690593
-701941748
-701089524
-700303293
-699652070
-698549572
-696947466
-695125357
-693129395
-691422373
-689675715
-688448891
-687072713
-685509554
-683861790
-682384338
-680954629
-679563489
-678088475
-676754370
-675530086
-674411826
-673112145
-671817049
-670661970
-669528096
-668519717
-667459118
-666333480
-665109988
-663965590
-662977454
-661978783
-661522217
-661063353
-660644981
-660201954
-659405074
-658496579
-657554563
-656615500
-655701330
-654715543
-653843871
-652996702
-652219265
-651356262
-650490079
-649700635
-648980228
-648191962
-647406281
-646604210
-645670202
-644725743
-643774823
-642824433
-641824461
-640681903
-639425194
-638332459
-637298680
-636459415
-635708022
-634940699
-634047548
-633073650
-632155670
-631292860
-630376035
-629263048
-628033895
-626798417
-625499689
-624034986
-622502876
-620898648
-619251506
-617608220
-616552319
-615356380
-614546883
-613633200
-612423319
-611086546
-610325185
-609492290
-608566976
-606950087
-605132763
-602967661
-600736944
-598523105
-595849047
-593052601
-590576062
-588640322
-586894039
-585254258
-584066470
-582491141
-581123819
-579408408
-577627891
-575982488
-574647076
-573144961
-571573182
-570130431
-568455499
-566843212
-565147919
-563766790
-562322060
-561154548
-559773174
-558431917
-556889996
-555175188
-553009468
-551152698
-549324453
-547598905
-546549078
-545942950
-544529979
-542474175
-540341161
-538764445
-537648458
-536252758
-534356825
-532309567
-531028716
-528929166
-525984193
-522802157
-519161717
-515250259
-512380323
-512033461
-511762992
-511504959
-511242563
-510622993
-506647194
-503298016
-500638262
-498556057
-496797708
-495351973
-493655300
-492321946
-491337453
-490503925
-488918099
-487009478
-484763554
-482352413
-479239951
-476189031
-471578190
-468306975
-466808351
-466318233
-465854620
-464090934
-459505479
-454259332
-449180974
-442511275
-438663187
-434605106
-432215733
-429431718
-425313659
-420137487
-414078171
-407597756
-403508213
-402179403
-392252577
-385176013
-376338923
-367999214
-357656521
-349211148
-275748311
-236081153
-218833213
-201789319
-178062476
-171598198
-167802048
-165762455
-163905333
-160097306
-156652290
-154953710
-147152000
-140222225
-136252295
-132538625
-130870684
-127872240
-125205232
-123052040
-120949031
-118903918
-114840112
-111987125
-109365197
-107191761
-105317470
-102755438
-100226319
-98186844
-96448045
-95145632
-94156998
-93177112
-92388101
-91762446
-91268445
-90674714
-89981352
-89424372
-88815404
-88270587
-87797640
-87289071
-86819793
-86401570
-86044691
-85609358
-85220517
-84819515
-84412046
-84044399
-83647681
-83176697
-82701241
-82166529
-81680401
-81198298
-80660571
-80085040
-79573282
-79126858
-78588043
-78000960
-77412701
-76818795
-76192771
-75562771
-74896493
-74169964
-73477404
-72736407
-71874347
-70979009
-70027421
-69155089
-68164529
-67306559
-66452347
-65639133
-64871908
-64109924
-63508810
-62890462
-62350365
-61747133
-61094707
-60375131
-59619371
-58897102
-58097498
-57278788
-56736553
-56288014
-55587122
-54821262
-54106995
-53139692
-52211980
-51234945
-50431129
-49630451
-48586391
-47689798
-47059363
-46476505
-45886721
-45332931
-44886154
-44427583
-43983083
-43511807
-43113091
-42732835
-42379735
-42050210
-41727380
-41375121
-41068168
-40824557
-40558696
-40294651
-40043023
-39770540
-39452821
-39136213
-38798591
-38460160
-38169672
-37848584
-37520808
-37198946
-36964276
-36700866
-36399292
-36108580
-35833727
-35563328
-35295348
-35022876
-34733735
-34428344
-34098521
-33775354
-33439615
-33090270
-32744310
-32450062
-32190662
-31964533
-31732246
-31484716
-31234643
-30972086
-30711504
-30473657
-30233099
-30015001
-29801930
-29547220
-29263097
-28959360
-28616769
-28287803
-27980291
-27703550
-27464388
-27225202
-26942357
-26643323
-26334883
-26041716
-25745118
-25434646
-25147380
-24877755
-24630137
-24387329
-24173027
-23912312
-23648339
-23390509
-23124574
-22864770
-22610316
-22378267
-22165711
-21946858
-21735141
-21554463
-21362301
-21179497
-21003308
-20822018
-20646850
-20475170
-20292308
-20121546
-19966457
-19801348
-19625461
-19454823
-19292191
-19122884
-18947288
-18777294
-18608930
-18441240
-18274275
-18104280
-17945166
-17773122
-17595372
-17421120
-17234052
-17039232
-16874652
-16715289
-16556967
-16397820
-16246321
-16100565
-15963326
-15835511
-15711389
-15583569
-15456444
-15333755
-15213990
-15095499
-14978720
-14857582
-14728393
-14589438
-14449037
-14316180
-14173125
-14005014
-13841194
-13677281
-13497588
-13321270
-13144010
-12984834
-12817840
-12643280
-12479628
-12320960
-12156949
-11995480
-11834362
-11677120
-11530992
-11398314
-11249232
-11100696
-10942442
-10799592
-10655060
-10506955
-10336170
-10146627
-9949760
-9765610
-9575240
-9382712
-9184710
-8985303
-8812767
-8617864
-8411790
-8202187
-7997625
-7811730
-7636217
-7453460
-7268170
-7080873
-6912630
-6740880
-6575449
-6423045
-6278767
-6143420
-6020876
-5898290
-5770434
-5642921
-5502467
-5361734
-5212590
-5072799
-4932220
-4793150
-4648381
-4496980
-4345170
-4197803
-4062514
-3913620
-3770816
-3629032
-3494512
-3358500
-3224465
-3083746
-2935412
-2769770
-2615157
-2458352
-2303335
-2151186
-2005820
-1854701
-1696770
-1548570
-1385961
-1212739
-1047657
-884780
-730749
-577438
-410580
-248666
-85906
102462
296765
487480
670756
826300
975200
1126961
1283100
1448151
1595780
1748051
1904117
2077264
2258920
2448470
2660721
2882274
3105537
3312510
3506951
3693815
3880127
4081360
4308630
4548417
4761830
4980670
5213040
5429756
5625400
5826856
6018800
6223020
6419159
6605689
6795538
6974844
7143445
7314796
7494454
7707875
7943728
8158508
8385760
8629353
8855410
9071096
9272810
9502135
9732110
9943727
10160549
10373060
10572986
10751018
10912465
11086916
11270253
11437690
11595041
11757670
11939223
12110898
12276845
12423615
12589778
12766450
12949665
13126451
13288111
13451331
13631460
13794250
13956177
14137760
14311091
14471820
14638886
14806990
14981379
15167121
15360449
15574578
15782124
15980600
16155800
16332920
16562620
16788430
17003419
17220520
17451060
17686112
17927720
18167630
18357184
18561074
18759220
18948861
19131430
19334427
19533758
19742930
19936850
20124056
20306171
20463642
20643766
20804641
20963299
21128210
21268571
21419454
21570256
21716868
21859355
22002526
22138427
22272878
22400250
22521242
22636570
22754799
22873280
22989115
23105278
23220962
23327735
23443783
23556945
23660748
23773353
23889595
24013431
24133750
24248370
24364656
24481842
24610697
24735146
24860619
24987570
25113514
25249827
25379920
25517903
25668840
25819268
25971690
26111093
26255498
26408639
26578427
26753081
26940580
27112588
27285720
27446524
27611354
27773650
27931210
28097890
28248418
28403879
28588083
28761392
28920056
29091361
29275590
29448600
29614833
29795190
29961003
30122623
30272800
30415893
30565645
30705974
30837652
30974935
31111769
31260520
31398623
31555044
31698127
31863940
32015670
32168218
32331459
32502420
32694460
32879760
33067498
33281720
33481652
33721640
33939178
34162352
34380957
34603366
34823210
35030040
35234410
35449592
35659440
35902116
36123196
36368284
36655120
36904063
37134214
37352518
37610198
37873224
38116990
38354360
38561481
38774340
38979758
39145489
39343733
39564120
39775284
39977536
40159612
40337892
40508230
40676342
40828925
40983461
41167942
41358165
41557115
41738238
41948232
42152670
42338460
42525695
42689710
42823334
42961185
43092676
43207616
43318810
43424996
43530121
43633084
43732087
43841928
43949581
44063168
44197723
44330336
44449778
44576231
44690532
44802588
44925142
45039147
45175514
45318683
45453123
45591759
45734033
45861966
45982676
46100781
46207285
46304911
46394155
46477704
46560951
46642915
46732925
46827558
46920068
47012977
47101199
47195430
47296287
47397939
47478781
47557034
47639390
47724530
47811120
47898636
47979333
48056118
48131810
48210575
48285154
48357730
48435896
48514687
48594427
48671569
48749559
48834221
48921835
49011784
49105980
49210274
49318270
49421311
49510240
49608846
49720262
49827829
49936260
50039228
50151689
50259070
50360339
50450662
50538496
50634600
50729862
50823981
50916813
51013954
51124188
51239200
51350049
51454842
51567265
51682255
51782754
51883029
51996135
52110922
52215720
52319249
52427421
52535890
52647972
52766188
52880500
52991193
53109612
53231389
53347806
53466747
53583020
53686009
53781114
53881980
53981130
54077194
54173369
54272376
54368750
54468446
54570006
54667885
54770685
54875626
54976707
55091058
55213130
55339455
55454750
55567396
55681403
55792526
55914009
56033322
56142205
56251248
56354880
56465287
56583873
56693151
56803513
56913196
57024265
57128190
57236312
57335115
57438092
57549543
57660948
57768754
57866053
57970103
58077701
58176584
58278858
58383110
58484165
58586392
58683750
58781570
58873996
58966602
59062683
59160446
59254890
59345701
59433980
59523659
59616612
59702290
59785661
59872190
59958805
60043278
60132423
60230190
60328807
60421157
60510530
60599346
60687560
60768713
60856200
60941499
61021038
61101721
61182041
61265390
61347060
61423440
61498456
61579061
61662072
61749193
61843109
61936763
62034490
62135655
62239563
62349512
62464007
62581760
62693945
62804985
62923310
63048080
63175236
63314000
63443241
63568108
63697504
63821050
63952004
64089366
64209637
64331635
64453237
64560599
64669860
64788001
64901984
65016200
65129343
65247968
65361007
65480340
65582324
65676354
65767636
65858934
65958069
66058166
66155251
66251115
66339621
66428727
66526896
66632700
66737280
66843140
66951040
67065174
67175241
67283757
67393772
67500493
67603981
67702698
67801876
67903023
68010418
68117623
68226267
68334872
68435742
68533130
68620601
68710867
68808282
68905020
68996528
69089368
69182630
69273475
69366539
69457170
69549467
69642798
69744330
69844525
69944197
70033119
70115484
70203456
70297854
70393965
70478420
70567913
70668857
70773086
70870680
70971154
71061671
71154418
71251293
71357516
71463407
71558060
71656484
71757803
71853930
71954164
72061487
72161179
72262436
72363088
72469964
72578473
72690052
72799119
72913176
73023929
73130216
73235066
73339294
73446960
73570034
73692334
73807650
73936896
74063298
74195705
74330113
74457720
74574386
74683626
74796172
74910920
75035017
75162550
75283859
75402789
75528109
75644802
75761460
75883495
75991761
76105300
76206941
76305474
76418055
76522920
76628030
76741222
76857689
76978271
77095927
77211620
77333291
77455228
77571586
77687946
77797662
77915929
78045381
78167597
78293299
78422876
78546006
78672466
78799167
78930697
79061744
79197554
79351215
79490027
79614722
79738033
79867085
79993862
80119368
80246881
80374141
80503020
80633477
80770820
80910282
81049279
81185227
81327061
81465863
81611081
81749463
81895857
82027015
82162028
82309315
82453719
82595582
82748060
82890743
83036685
83175092
83313352
83445086
83575091
83699917
83829493
83958034
84079429
84199193
84320685
84445770
84560960
84671806
84783047
84894123
85003021
85115325
85226106
85329846
85427952
85530389
85634120
85729543
85828334
85931648
86025451
86121575
86217069
86312801
86403748
86493518
86587597
86678648
86767220
86859525
86953471
87046087
87143453
87242095
87343583
87441363
87533451
87627842
87722806
87816540
87912963
88009048
88109592
88213349
88317345
88421714
88520117
88618939
88727385
88841509
88950466
89055767
89156131
89259992
89366653
89472360
89582798
89691977
89799554
89910083
90020242
90122721
90230556
90351930
90478837
90593655
90708009
90822364
90937116
91045538
91147029
91244675
91340598
91435442
91525124
91621202
91716789
91805589
91890551
91976508
92065375
92154549
92247173
92335046
92431442
92526855
92619883
92713451
92805974
92904230
93004685
93107469
93209453
93311044
93422656
93538375
93652922
93765136
93874577
93985569
94090968
94205655
94319813
94429955
94539926
94652040
94758175
94863098
94972677
95087799
95205256
95325436
95449865
95578757
95701877
95822049
95941534
96066054
96181877
96305263
96419017
96524033
96620898
96719969
96827825
96936645
97031303
97129244
97233022
97325706
97414144
97507473
97603749
97702355
97822204
97941903
98069983
98214677
98358324
98503633
98652398
98794116
98931535
99070564
99199920
99326822
99445550
99570787
99696151
99826089
99958039
100092127
100226285
100364880
100512176
100654923
100783664
100913502
101042577
101171988
101305674
101448644
101589230
101725827
101853802
101991288
102125155
102254467
102383455
102512739
102649279
102794891
102945224
103084908
103217835
103347279
103484444
103622368
103760045
103904377
104041581
104160756
104282782
104410543
104542128
104681145
104816839
104957620
105096713
105234723
105374543
105518852
105659789
105803342
105942054
106078045
106214118
106351369
106488525
106633313
106771625
106903353
107031683
107163738
107289610
107415497
107545459
107681126
107812897
107932174
108061994
108191876
108324535
108457823
108580597
108703926
108821413
108932299
109046949
109159344
109275113
109393344
109512699
109635930
109755388
109876883
109991035
110101846
110217750
110331229
110445287
110569945
110693540
110821761
110950572
111084207
111216347
111340136
111469091
111603192
111740521
111870867
112002577
112142605
112270071
112398329
112526484
112654827
112784457
112908269
113034116
113168461
113295540
113416955
113540267
113660871
113783643
113919236
114055287
114185594
114316272
114440619
114563040
114673225
114780894
114886342
114987482
115087340
115186369
115279508
115371125
115469553
115570213
115672181
115790208
115908383
116025640
116141577
116262022
116387181
116513953
116639506
116769127
116908125
117055337
117193009
117334884
117469589
117595018
117731583
117869116
118003590
118147994
118291628
118430292
118565823
118685020
118800329
118916723
119027640
119141403
119269385
119392670
119515875
119640808
119767209
119899644
120039783
120181450
120315455
120435455
120552206
120673376
120792273
120912108
121032922
121153488
121277351
121405627
121534273
121663071
121781424
121904381
122035986
122164963
122285340
122401993
122520597
122649467
122778932
122901498
123021522
123149089
123274075
123391622
123506410
123627669
123754027
123878634
124012711
124149910
124291297
124438438
124583889
124723880
124860439
124990470
125136495
125283290
125430699
125588577
125740768
125896119
126053695
126212970
126381392
126545934
126715660
126891000
127062760
127251634
127437193
127618772
127801181
127989496
128169177
128340910
128504815
128678273
128849379
129022843
129198276
129372961
129552206
129724640
129886242
130041905
130197425
130360963
130506267
130648188
130785958
130926420
131076951
131231126
131374667
131524235
131682564
131829832
131964053
132103146
132239522
132371618
132517878
132665958
132804371
132945436
133070346
133195882
133319264
133443484
133576153
133718699
133854856
133983114
134114012
134240730
134366975
134499682
134642181
134783103
134921865
135056333
135192625
135327088
135463016
135602112
135737779
135882177
136027837
136157019
136285595
136419035
136560873
136704908
136856564
137000085
137140123
137276127
137407890
137538468
137666902
137788350
137910548
138037897
138175002
138306610
138436724
138574788
138708925
138845842
138986170
139123840
139262433
139402824
139544426
139692790
139852352
140006829
140151017
140295492
140441264
140587140
140729074
140869079
141016528
141162280
141308481
141453970
141604384
141751150
141897388
142042312
142181716
142316120
142451359
142584195
142723043
142850082
142970781
143091132
143210821
143317640
143441275
143569321
143699059
143839254
143977403
144108568
144234572
144368055
144500899
144631067
144752690
144869697
144988436
145106758
145237635
145368017
145496329
145624804
145765413
145914810
146069815
146218170
146367462
146512186
146656151
146801760
146960024
147108673
147262797
147431911
147605954
147785560
147963321
148135480
148309803
148472938
148641591
148818888
148981698
149146349
149318802
149480001
149629197
149784412
149944873
150105187
150254211
150393181
150538816
150676930
150807794
150943210
151093753
151248510
151407927
151567379
151719692
151885152
152045190
152195500
152334248
152476599
152627734
152771310
152910307
153066133
153236978
153397201
153561990
153727372
153885924
154021851
154161432
154299378
154449871
154608241
154766316
154919666
155075487
155235590
155392368
155538203
155676861
155817893
155955726
156103691
156262799
156417816
156565838
156721623
156898030
157079339
157266789
157468086
157665367
157849720
158029006
158196903
158396971
158597570
158788342
158971360
159149815
159336679
159521059
159706108
159884340
160061484
160249094
160438945
160610343
160769823
160929532
161117057
161321655
161513176
161684022
161856500
162036819
162213127
162381671
162552389
162717182
162873763
163023969
163173363
163324938
163488946
163653265
163817318
163974867
164143402
164315930
164484320
164658753
164826622
164996538
165174615
165346304
165515724
165702000
165877319
166058968
166249329
166437376
166633507
166838964
167054546
167275123
167491052
167698082
167929500
168177696
168410221
168620244
168804401
169007073
169205054
169396047
169606696
169804542
169996277
170168473
170320461
170484600
170663650
170850203
171036187
171202042
171386868
171612500
171823810
172048663
172265420
172482615
172696392
172910786
173142443
173378845
173609101
173847943
174106646
174367553
174591641
174812897
175066172
175341497
175610552
175841284
176076605
176323328
176550186
176804189
177052982
177292939
177535950
177808680
178064865
178290663
178553607
178815408
179055261
179275658
179490023
179676642
179870716
180053288
180245265
180428673
180596435
180776757
180947805
181135273
181322697
181500279
181664742
181842222
182025882
182208578
182407860
182600770
182801618
182998359
183195580
183394078
183581867
183763707
183954566
184150623
184354288
184573953
184800245
185031966
185241927
185408769
185588985
185798188
186015186
186226111
186426797
186627970
186835183
187071541
187333621
187592919
187846805
188105973
188376779
188645215
188904840
189135858
189346756
189558462
189800590
190035405
190257859
190462623
190675486
190895399
191114885
191338143
191572447
191860266
192167881
192497516
192807589
193142069
193484617
193825316
194110724
194373891
194624525
194919975
195240294
195597542
195932662
196290890
196653395
197016160
197429359
197805750
198138721
198423940
198763657
199078300
199346419
199590021
199894611
200216014
200564526
200917149
201267878
201614228
201987064
202382832
202765878
203066637
203465817
203803603
204119985
204411283
204734678
205035170
205381475
205775602
206152765
206492785
206859204
207242224
207668194
208095356
208504253
208847129
209167618
209479286
209781254
210073309
210379631
210692303
211019087
211334252
211633918
211920678
212239817
212517785
212834233
213207852
213599665
213996049
214345600
214682465
215037393
215406459
215731516
216041643
216359272
216695219
217035280
217345235
217651170
217987633
218307490
218609387
218939900
219252033
219564436
219852060
220129457
220443791
220776500
221123626
221461019
221759583
222067650
222346159
222605348
222866337
223127012
223411559
223686040
223960793
224233288
224519794
224809401
225087254
225363145
225646332
225910012
226217782
226526001
226837793
227122535
227433046
227758808
228079463
228433322
228782884
229131326
229444442
229756294
230076081
230391813
230725880
231060041
231353514
231682260
232001340
232338073
232666635
232971579
233286423
233582557
233889910
234191514
234508750
234808900
235094643
235379009
235674043
235971106
236278448
236583533
236884105
237163537
237426884
237681578
237960311
238240054
238519097
238823333
239155319
239513490
239879496
240232149
240607941
241010843
241397785
241783490
242159320
242606860
243075691
243511700
243912256
244294946
244697443
245140773
245536247
245942429
246372920
246740095
247076530
247363233
247660854
248027917
248407760
248760446
249136610
249486100
249851609
250235877
250605438
250982949
251362986
251743560
252208091
252629269
252992821
253334068
253697216
254107971
254554357
254990569
255346799
255656489
255910947
256182230
256540318
257003663
257475140
257935128
258377001
258778910
259162154
259471487
259808001
260178802
260572470
260964591
261351599
261781747
262250000
262729744
263283749
263863384
264420480
264979060
265564666
266148118
266716171
267162810
267569210
268051712
268488291
268946554
269354770
269783991
270171934
270578098
270965289
271340212
271740753
272076790
272352275
272629709
272921903
273225640
273520060
273794590
274063914
274309450
274516832
274696868
274873186
275045169
275204104
275365497
275555580
275765430
275994277
276217745
276439106
276681358
276912564
277145440
277383696
277593645
277809012
278041141
278266338
278497599
278718777
278940941
279159450
279389350
279638840
279883101
280148686
280412642
280676289
280927312
281207754
281490348
281766235
282041797
282302017
282545422
282834968
283151419
283462709
283758954
284065778
284357099
284649123
284918029
285162504
285395545
285683281
285953477
286193591
286426733
286662874
286920605
287205313
287462750
287719396
287976216
288234503
288485589
288707499
288940002
289213315
289485413
289772710
290058811
290326727
290570198
290811974
291034744
291320163
291565471
291826897
292054125
292297637
292562326
292897320
293294281
293664933
293991846
294390049
294745541
295137505
295548915
295970906
296336969
296702535
297071697
297448710
297803557
298117472
298470305
298843768
299208710
299544421
299848116
300146305
300486958
300791908
301090476
301389110
301697759
302008480
302309895
302561440
302791369
303039393
303276759
303523232
303778077
304047547
304342239
304646219
304957631
305285360
305657262
306075554
306507190
306917908
307368057
307827500
308324020
308827170
309267431
309686645
310075901
310539907
311076008
311542905
311955904
312407160
312909874
313346809
313768779
314224301
314718928
315188830
315541060
315777298
316050134
316483150
316888527
317437969
317880456
318368797
318933184
319448602
320048383
320639622
321369908
322343050
322962874
323538082
324272217
324899719
325372387
325719845
325999396
326344963
326857472
327312784
327797541
328232618
328621409
328901798
329191647
329548022
329984224
330400869
330852739
331346201
331881705
332366819
332785604
333153396
333530235
333869908
334209899
334515148
334793192
335076517
335433047
335800986
336129546
336491172
336895000
337272028
337567047
337834400
338107338
338395730
338692703
339027847
339403667
339835877
340121639
340404475
340703488
340985398
341284690
341592514
341896169
342229794
342563773
342824147
343059317
343294941
343520832
343757172
344001837
344280112
344529000
344774704
345040417
345352413
345667381
345968005
346229956
346550615
346881798
347268699
347652062
347965359
348279798
348605480
348897456
349241383
349601294
349892637
350125230
350392881
350698010
351030290
351413694
351744935
352063297
352354405
352687494
353115528
353550470
353988195
354479343
354931558
355371962
355870109
356359450
356948720
357491653
357981674
358489752
358986623
359516566
360058728
360599621
361112072
361571266
362003613
362455692
362944274
363495913
364266600
364984962
365756255
366512650
367349810
368120753
368854619
369530077
370236485
371014902
371703271
372402778
373050664
373573290
374134456
374682509
375100026
375470550
375889361
376271002
376730318
377252715
377754844
378297907
378848469
379430927
379934867
380517750
381033959
381501551
382013044
382546921
382994406
383446939
383863164
384292461
384697634
385027607
385528497
386081192
386616379
387154920
387658185
388203089
388723034
389225337
389718096
390218431
390765770
391280561
391700810
392006956
392261395
392431709
392636349
392917221
393429118
394040416
394679422
395235251
395752869
396286032
396765316
397171519
397579886
398026617
398554960
399095970
399647663
400334162
400971095
401517679
402113525
402717651
403276153
403861032
404478881
405153310
405696955
406316691
407124584
407850040
408599224
409419722
410184823
411090363
411987462
413210821
414357466
415219915
416236789
417121175
418099466
419095640
419878999
420594460
421308782
422252585
423572197
425045828
426337878
427590192
428827315
430118258
431028282
431959467
432922253
433793898
434696287
435843352
436798541
437813753
438616617
439358412
439927597
440621713
441812935
442911533
443978703
444810420
445610905
446546794
447564013
448501783
449611831
450585110
451548639
452474980
453760694
455181892
456649155
457931768
459228761
460476021
461758145
463066813
464329842
465680906
466947441
468305142
469687077
470904120
472180043
473514361
474772049
475896978
477101791
478256025
479133794
480044489
480920028
482180229
483077514
483822524
484800011
485989913
487372495
488690368
490047335
491334849
492578317
494082230
495769124
496813902
498002601
499450699
500736324
502195136
504366154
506848210
508862580
511549854
513780764
515302272
517803588
520582296
522655052
524522426
526653571
528939469
531332104
533632779
536640396
539935032
542617833
544839432
547318225
550149566
552167419
553116923
554040587
554723890
555352356
556405753
557747355
559521526
561482204
563469961
565820982
568367006
570995953
573600837
575935962
578202991
582310264
584778913
587768875
591373918
594615961
596944836
599750348
602568447
605325033
606868137
609246398
612866638
614835508
617379626
620214854
623259031
628740464
635844676
641676713
647658721
653160186
655625550
659329540
664891886
669205895
673787809
678189926
682573626
686394365
688118611
689342432
690885912
692128278
693689642
695837455
697907852
700141105
702127300
704140670
705519348
707081309
709852928
712434903
714243128
716416848
718894545
721733325
724454698
726147111
727979406
728703909
729653278
730374904
731239409
732297518
733410165
734259621
735161021
736292982
737370494
738082561
738829737
740007788
741868382
743629253
745049369
745967342
747120787
748417889
749954250
752132914
754260505
756120664
757760530
759049725
760839701
762584032
764381186
766028383
767316560
768549959
769499604
770301100
770850969
771562346
772476868
773241958
774013198
774647995
775177544
775660558
776118984
776865153
778263724
780051081
781593356
783336944
784101859
784702355
785195251
785728440
787278544
789413803
791589544
794165146
795909409
797879147
799002785
799582525
800079394
801134002
801853660
802369987
803479515
804808085
805904528
806733787
808682101
810219542
811955444
813595447
815341972
816560433
817592085
819123928
821551186
823550983
825734060
827671561
829656172
831205885
832904932
834263841
835525591
836612220
837904425
839460002
840253676
841265047
842669967
843860411
844996443
846223107
847898094
849281679
850241069
851269060
852370395
853159202
853664661
854745667
855855616
857030243
858260591
859251203
860657538
861717040
863199193
865491235
867759990
871513226
874597549
878163386
880732829
883138911
883660499
884011234
884929832
892197735
895865986
899199806
903626850
904273942
907218813
912577470
916447191
919424130
925601707
929416541
934268249
940255356
945603975
949711600
954521047
958690097
960788945
963576098
967690018
971179026
977369900
982833447
985231021
988236539
990441452
993506535
996369636
998783487
1000955770
1002958788
1003867046
1004877283
1006294012
1008796552
1011170601
1013977919
1016332021
1018381425
1021336558
1023705738
1026321237
1028465443
1031104122
1033642702
1036301777
1037756379
1038665484
1039718628
1041376551
1043435122
1046386601
1048973758
1051506388
1054168659
1056750376
1059259053
1062140494
1064318286
1065701682
1066540083
1067391213
1067792921
1068032652
1068230297
1068456861
1068629926
1068837426
1069241966
1069869762
1070651042
1071556017
1072711005
1075015432
1076834722
1079463889
1082522547
1086729352
1089697034
1093208664
1098817483
1102673292
1103590984
1104048965
1104429836
1105463495
1108958034
1113962308
1117704391
1121217779
1122016625
1123097952
1124523676
1126487154
1127205429
1127557716
1127971564
1130586023
1132548794
1134544468
1136993847
1139558815
1141166925
1142298021
1145210545
1149249687
1151765130
1155070831
1157603765
1158949415
1160293067
1161108871
1162081163
1163381829
1164853076
1167670723
1170225986
1172489423
1175709739
1179517953
1182628578
1184822290
1187428930
1190072545
1193311999
1194329161
1195013066
1195930011
1197034543
1198199515
1199065246
1199901833
1200829811
1201859464
1202515120
1203106625
1203731685
1204378084
1204839356
1205323159
1205742701
1206078272
1206496113
1207051468
1207619484
1208350794
1208840664
1209212139
1209503862
1209738373
1209981505
1210279130
1210547716
1210784926
1211166746
1211636763
1212207197
1213052090
1214147784
1215143520
1216065745
1217726461
1219930559
1223413345
1226247501
1228791631
1231348623
1234564487
1237170777
1239439961
1242416991
1244073397
1245332118
1246377632
1247634174
1248411549
1249216098
1250155146
1252351072
1254417397
1255976722
1257549672
1259822514
1261773799
1264841939
1266740318
1268297972
1269586271
1270840525
1272079741
1273711044
1275007913
1277035770
1279281845
1281562030
1283933435
1286295430
1288460710
1291064790
1294156930
1297117740
1298799251
1300826180
1302266101
1303616130
1304681120
1305496360
1306288730
1307093674
1307655000
1308344086
1309057390
1309829015
1310682680
1311721736
1312901920
1313965434
1314886190
1316097625
1317939800
1319361771
1320624457
1322543689
1324203666
1324935161
1325772470
1327038990
1327809470
1328593014
1329512018
1330555160
1331711836
1332821845
1334166514
1335662130
1337225915
1338305110
1339295950
1340604780
1341816151
1342404559
1343385772
1345152318
1345966982
1347897070
1349848214
1351350774
1352713500
1354036978
1354726624
1355128570
1355576341
1356081963
1356937160
1357544562
1358226590
1359440146
1360877610
1361929912
1363159493
1364827190
1366176813
1367283036
1367929414
1368429549
1368773969
1369221013
1369957610
1370838180
1371969553
1373117239
1374197520
1375621236
1377138775
1378384283
1379300852
1380077067
1380840890
1381775563
1382895069
1383650699
1384072690
1384552480
1384943190
1385553217
1386253618
1387117070
1387942435
1388609430
1389230735
1389933604
1390613510
1391484320
1392522287
1393401080
1394064060
1394603382
1395049858
1395494421
1395923052
1396166370
1396364194
1396633370
1396956098
1397273131
1397619805
1398100765
1398604068
1399038558
1399350332
1399798330
1400341143
1400812730
1401245410
1401658188
1402104349
1402600210
1403096230
1403573910
1404012723
1404493863
1404888990
1405449120
1406008680
1406695790
1407443521
1408206456
1408849849
1409360780
1409920961
1410685590
1411688870
1412550791
1413069340
1413513926
1413971648
1414610322
1415472687
1416906000
1418276138
1419618988
1420985100
1422592336
1423837951
1425128702
1426844215
1428521350
1430427659
1432146710
1434130120
1436126934
1438379358
1440173085
1442530001
1443523985
1445156189
1447260519
1449163136
1450620376
1451898780
1453708389
1455967095
1457690138
1460152054
1462195300
1463906779
1465818433
1469151400
1472652154
1476544147
1481701405
1487192307
1491144509
1495062958
1499929411
1505284374
1508540017
1510780000
1513334442
1518282600
1523607487
1528411046
1530340032
1532958720
1556468993
1583659706
1603631499
1621660942
1653682547
1666336137
1674602252
1680421577
1687063001
1693260984
1699105646
1705492501
1712481378
1720003175
1725482078
1727781768
1732225227
1736288228
1739557214
1743105455
1746030200
1747127266
1747715885
1748485350
1750199165
1752308446
1754529444
1756557360
1758510711
1761236793
1764023187
1768558161
1774313152
1781501788
1800000000

